5 18336785338 王庚奇 3
8 18623965502 刘猛 3
9 13703776668 张岩群 3
11 18617178003 修文斌 3
16 18738567833 苗辉 1
17 18339136366 朱海飞 3
20 17613800126 张峻 3
27 13598256022 李克谦 3
44 15637197789 石莹 1
45 15890020325 白蕊 3
49 13903779796 张洪燕 1
51 15093379809 李靖洲 3
53 15537159222 赵政辉 3
54 13507696112 李东军 3
63 15978689933 宋红卫 3
65 18537302111 丁陆 3
70 15993703885 王小刘 3
71 18539009292 陈强 3
74 15670397523 郭先菊 3
77 18639237699 郭琦 3
81 18037121916 白龙飞 3
87 13613965002 陈雪 3
88 13564304121 王丽明 3
91 13781340987 王媛媛 3
96 15039386680 汪士瑞 3
99 18910577989 李岳飞 3
100 18639553695 王小静 3
101 18538888009 蒋其东 3
102 13346813178 陈爱玲 3
104 15639376188 倪虹 3
112 13781982651 徐绍立 3
122 18603710187 姚江波 3
125 15136068898 任昭瑾 3
126 18638288690 刘佳烨 3
128 13783529721 姚航 3
130 13703706837 张收 3
141 18039676311 樊益宏 3
142 18639008998 李冬梅 3
147 13849098369 焦建国 3
149 13676956596 郭秀梅 3
158 15838785885 郭凯 1
159 18537773336 杨燕 3
162 18539970799 张靓雨 3
167 15237166557 孙红霞 3
168 18537788885 马晓玉 3
170 18637790801 谷雨 3
171 18538986138 姚迪 1
172 15003847339 方德猛 3
177 15038911715 刘天亮 3
179 13592401941 杨霞 3
180 18237477188 吕水林 3
185 13462164619 刘志 3
186 15290968020 朱珂 1
187 18637453311 刘伟 3
188 13525809897 杜海涛 3
190 18637462013 薛垂鑫 3
192 13333838654 张闯 1
193 13569918989 曹小兵 1
196 13939838998 陈晓爱 3
197 13641766648 李蓉 1
198 15538666155 刘家琪 3
199 18651995255 孙雷 3
200 18638688589 王铭扬 3
201 15037293355 葛屹宣 3
205 13938689952 袁慧敏 3
206 13633981120 刘景凤 3
207 15939092269 张宁 3
208 13592640986 鲁奇 1
210 13803812581 王丽琴 3
211 13837655651 秦本善 3
212 13613721576 殷敏 3
213 18037309652 代艳君 3
215 16637757539 唐熙婷 3
216 15896586847 邱璞 3
218 13811806582 宋志斌 3
219 13903784956 李凤梅 3
220 13937800606 张颖 3
221 13513806788 李艳平 3
222 19837035888 董坤龙 3
223 13525614439 王有伟 3
224 13598875657 朱世伟 3
226 15637690000 周吉 3
228 13939309909 李胜 1
229 17839333866 高明 3
230 15836359473 刘振绪 3
231 18538280726 徐小小 3
232 15837975897 於先云 3
234 15737183555 周兴纲 3
235 18438053059 杨景华 3
236 18436005596 窦佳冰 3
237 15903611112 王艺衡 3
238 13838933822 薛红 3
239 15237407777 戴珂 3
240 13569155296 贾纯芳 3
241 15138833111 张艳 3
242 13693916268 刘国锋 3
243 13503718813 王丽娜 3
244 13526006216 张军 3
245 13607668078 魏冬梅 3
251 18639956919 方惠 3
252 18503882013 贾婕 3
253 13837896167 刘丹丹 3
256 18569990566 王晓辰 3
257 15939365818 巩淑艳 3
258 15239879072 刘东 3
259 18939619966 杨艳 3
260 18639385958 石岩 3
261 18739275888 李坐 3
262 17163813333 李想 3
263 13526609888 张苒苒 3
264 17797725189 刘爱军 3
265 13513834978 郭文真 3
267 16603938878 刘英强 3
268 18639371015 靳滢 3
269 13619843723 李品 3
270 18637462897 宋广玲 3
271 18637422223 朱旭 3
272 15903659075 孔铭泽 3
275 15803950006 孙秋晓 3
276 18135769777 田敬 3
277 15090339433 付作民 3
279 18611629901 买敬江 3
280 18638786052 潘盼 3
281 18595820369 马自立 3
282 13949060046 索波 3
286 15836800360 单玉芝 1
287 18860307777 邬有春 3
289 18937602966 胡伟 3
290 13526862396 刘璐璐 3
291 18567006127 朱怡霖 3
292 18839606688 李伟清 3
293 13639816662 谭敬 3
294 13253670069 王小锐 1
296 19803908900 徐圆圆 3
297 13838936808 刘艳伟 3
298 13633836191 王飞 3
300 18236917917 于培培 3
301 15838285015 李志涛 3
303 18790830606 董小英 3
304 13803810113 耿江平 3
305 18638572887 付志杰 3
306 15036104625 王乐然 3
308 18530808123 杨铮 3
309 15981992736 张彬 3
310 13838224126 乔桂香 3
311 13607692983 杨平 3
313 18695816895 黄晓敏 3
315 18238251999 吴萍 3
316 18803777777 吴昊泽 3
317 13633827066 乔桂云 3
318 15037355292 张腾飞 3
319 18237678011 徐文博 3
320 13937152727 翟秋敏 3
321 18103829998 郑磊 3
323 13027795009 薄原昕 3
324 18203685618 理瑞卿 1
327 15937065755 王萍 3
329 13526587997 刘华 1
330 15837157311 孟海燕 1
331 13303920558 李仲利 3
332 17821755165 张占辉 3
333 17839718060 邢伟 3
334 13520193999 宋茜 3
335 18738156526 范婕 3
336 13700895685 赵红红 3
337 13903807676 王青青 1
338 18703877446 胡庆杏 3
340 18738183128 霍玉崇 3
341 13783521712 崔争 3
342 15637128887 丁亚光 1
343 15890356022 丰颖 3
344 15236428876 张磊 3
345 15639283690 张小丛 3
346 15838032573 王春霞 3
347 13838055860 吴晓宇 1
348 18837139777 姚驰 3
349 18236258026 张辰光 3
350 13837617948 王国喜 3
353 15037083091 沙元梅 3
355 13598372882 陈燕飞 3
356 18616872291 郭洁 3
357 15003700899 刘艳莲 3
358 17513350821 孟园 3
360 13781503966 杨咏梅 3
362 13569005907 王玲玲 3
363 13073730273 黄少波 3
366 13569755998 陈新 3
370 13569338883 朱爱景 3
371 15890112806 任丽 3
372 13937081092 吕春秋 3
375 15639279723 秦笑 3
376 13592089039 李彩霞 3
377 18436087596 王桂兰 3
378 18603760063 甘洋 3
379 15939032213 赵辰 3
380 13598060555 李莉 1
381 13703426515 赵玉梅 3
382 13462777709 贾保国 3
383 15837088789 付爱琴 3
384 15837433283 张永利 3
385 13803976611 戚贵杰 3
387 13803711180 李伟 1
390 13837059697 裴小菊 3
391 18625592204 程英 3
393 15137099999 任存林 3
394 18638711899 赵培军 3
396 15038969233 尚文标 3
397 13598875093 张玉科 3
398 13525997755 梁洋 3
399 13937997833 杨云 3
400 15638927106 李慧珍 3
401 18695889889 荣幸 3
402 15838807169 杨玉明 3
403 15638896777 李孟骞 3
406 18538306829 费婉露 3
407 15936069995 朱红梅 1
408 17839979136 刘芬 3
409 18603929537 贾潇雨 3
411 13676999887 郭风光 1
412 13273011204 张建友 3
413 13949994836 翟明宇 3
415 13837890611 张林 3
416 13723286855 林跃华 3
422 18538880005 段梦雨 3
424 15090671699 曹凯 3
425 15620736222 王宇涛 3
426 13383805360 吕壮伟 3
427 13613739197 马顺利 3
428 13949714913 韦灵才 3
430 13683817671 陈敏 3
431 18530019177 沈子颖 3
432 13903707505 曹丹 3
433 15803767999 柏冬莉 3
435 15003715098 臧瑞红 1
436 13298408972 马红英 3
437 18537296628 秦珂 3
438 18239637777 李晓国 3
440 13783198949 易茜 3
441 15939119669 靳志强 3
442 18749422815 宋安平 3
444 18903837509 齐永艳 3
445 18749493333 胡莹 3
446 18898115559 李亚杰 3
450 13938406789 郑文龙 3
452 13017582258 吴天放 3
455 13503789135 姚磊 3
457 17337211222 王柏霖 3
458 13903780272 宋喜信 3
460 18503833539 张子 3
463 13903868777 马爱国 1
478 18238515822 杨秀丽 3
484 13903873202 姚杰 3
490 15090011191 申沛 3
494 15903726819 索文彩 3
498 15093065566 马威 3
501 15670788858 殷志光 3
503 15238367922 唐端 3
504 15738397309 左鹏阳 3
505 18638160567 闫馨元 3
506 15090691372 谢劳动 3
507 15637191349 孙利君 3
510 18838311111 李阳 3
511 13939198819 梁小高 3
513 13703499291 王静 1
514 13803826777 司英伟 1
516 15810008737 耿宽 3
517 13939703976 陈斌 3
518 13839428369 刘国立 3
519 13333761300 陈飞杨 3
523 19903817777 徐秀 3
527 13939065516 韩晓玲 1
532 18595688088 袁少聪 3
535 13598050177 侯季煊 3
538 18039979667 任旭东 3
539 18039511195 张枫 3
546 17513159999 崔博 3
549 13733897775 周爱玲 1
550 13523518168 梁景山 1
551 13938517936 李琼 3
553 15896751268 赵艳芳 1
561 13938585562 丁秀娟 1
568 18236937299 丁剑 3
569 16603950394 孙启东 3
570 13781319324 刘国生 1
571 15565669121 孟自国 3
572 18623716308 张帅 1
573 ‭185 3878 3338‬ 赵冰 2
576 13698885166 刘云鹏 3
579 13717786166 白军伟 1
582 13837127712 陈瑞 3
583 15838312988 梁华 3
589 18188888883 测试 3
610 18624960302 石朋辉 3
612 15937367872 周瑞 3
613 13703951537 李峰 1
640 13608693959 王莉梅 1
648 18639023825 陈景斌 3
649 17737093033 饶子辉 3
653 18037371686 刘晨 1
660 18537820808 余建 3
662 18300684571 黄托 3
673 13938081956 李钊 3
677 18339996209 孟亚可 3
679 18768890278 代俊雷 3
685 15037154316 林晓龙 3
687 15237150007 张丽霞 1
694 15638597275 高坤 3
696 18837961188 姚新富 3
700 18300670065 章洁 3
703 13700788808 孟刚 3
711 13703780278 刘玲玲 3
712 13137826790 朱翼 3
716 13837208145 方园 3
725 15638845678 马元秋 3
733 13523435606 姬云波 3
741 18595853888 杨勇 3
757 13781925613 尚恒彪 3
758 17603715188 六肖肖 3
763 18516536385 曾杰 3
770 18637316310 刘春成 3
777 18203918885 安宇 3
783 17698065789 朱景子 3
790 13937102354 付鹏 3
793 18697331157 杨巧换 3
805 13721382888 林玉飞 1
811 15838993130 范慧敏 3
834 18039978221 吴晓燕 3
841 15893779368 贾晓帅 3
848 18937936988（备注）   王武强 2
850 18300702885 王林娜 1
859 13233930433 何璞璞 3
865 13608697830 赵蕾 3
868 13663816153 常美玉 3
872 13137568937 马良 3
889 18239955392 崔彦彦 3
891 15093269113 金慧慧 1
893 13949118875 胡渊亮 1
897 13723163333 王娟娟 1
902 13633865370 何婷婷 1
926 15515553618 王亚丽 3
935 15137256899 高敏 3
939 18239030966 史铮汉    3
940 13507676678 尚鹏飞    3
941 13782688039 吕国强    3
942 18790038885 李杰   3
943 13838939083 李建文    3
944 15938133068 孔任远    3
947 13838930982 崔丙杰    3
949 13938178209 任民   3
951 18638913096 成东亮    3
953 15893010101 刘娇利   3
955 13507652707 靳二勇 1
970 13193830777 郭亚飞 1
975 13937607786 赵中环 1
977 15703776868 陆丹 2
1008 13838998697 邵丽 1
1012 15890291999 李正祎 1
1031 15225121926 刘楠楠 1
1032 18203622290 杨华 1
1034 13781975301 刘娟 3
1042 13849352666 郭蒙杰 3
1077 18837305583 刘芳 3
1080 15837375741 王永岩 3
1087 13838901557 李非洲      3
1088 13203986288 侯小毛    3
1089 18003896618 卫文文    3
1093 15503900977 李婉瑜 3
1095 15639138486 魏巧兰    3
1096 13838909918 张建 1
1098 13838928088 赵玲   3
1099 15893055880 郭艳真    3
1100 13838921335 张雪平    3
1110 15638929988 陈向阳   3
1118 18837192777 郑国兴 3
1119 13633811717 马平行 3
1124 13838932233 薛波 1
1135 15838969809 赵佩杰 1
1136 13938173767 赵佩娜 1
1146 13623779301 闫明 1
1147 13523138367 朱琳 1
1161 18003776311 张学锋 3
1171 18603718603 何卉 3
1176 15518428767 温冬梅 1
1193 13903709908 刘洪伟 3
1194 13503453222 余增明 1
1196 15660965577 赵毅 1
1199 13837165583 李强 1
1207 15896988978 梁丹丹 3
1208 15839417790 曹相蕊 1
1211 13939008619 张海波 1
1241 15038262929 马彦华 3
1244 13938289126 王红 1
1256 15837190800 杨玉华 3
1265 13103715579 陈孜玉 1
1282 18630972854 胡思源 3
1296 13569195793 王磊 1
1298 13526686091 周文凭 3
1311 13782196666 马见 3
1314 18737111011 李琳 3
1326 13603780050 铁涛 3
1332 15090070541 岳永帅 1
1348 13083791072 亢云华 3
1349 18625489666 任莹莹 3
1359 13937596113 李惠玲 1
1365 18537128187 胡双双 3
1376 15637002928 王昭君 2
1383 13939189518 谷正彦 1
1391 13569575198 刘建军 1
1466 13333873223 聂秀利 3
1484 13603710341 宋绪钦 3
1509 15737177777 周洁 3
1511 15670966250 张秋叶 3
1512 13083616899 杨峰 1
1517 15516950989 张富霞 3
1522 13462928678 陈军 1
1525 15738318299 马双龙 3
1526 15837192591 郭蕾 3
1529 13598360001 阮长江 3
1548 13603845858 李海涛 3
1552 13938188930 董凯 3
1559 13939039319 郁君瑞 1
1563 13526668873 刘丹凤 1
1566 15138235519 李艳红 1
1572 13598869898 白利民 1
1576 13703869800 郭建华 1
1580 18839195690 朱嘉晖 3
1600 17639182056 党如建 3
1602 18503905063 卞寒 3
1604 18503901928 李鹏 3
1607 18503900655 赵继征 3
1608 15565609717 于俊勇 3
1609 15139104755 王振华 3
1611 18638886908 王辉 3
1624 13782864371 李树青 3
1638 15981808789 杜利娜 1
1644 15516981000 李伟 3
1645 15537102221 刘玉建 3
1647 13569890578 苏永霞 1
1649 18803729125 王萌 3
1654 15838059451 李蓬勃 3
1655 15538255000 吴晓亮 3
1657 15136063999 蒋攀 3
1661 15527473700 王昱焜 3
1671 18538789900 一画 3
1679 13938512981 于秋波 3
1680 16637661333 袁明丽 3
1682 13839246377 韩冬菊 1
1684 18638126058 崔锦 3
1686 18790138899 何艳 3
1703 15937102920 高艳芳 1
1710 13592427188 朱磊 3
1711 13253389902 王飞 1
1714 13333718889 王瑞 1
1715 15803870773 贾想 3
1720 18603850088 徐乐 1
1723 15139877712 孙芸 3
1733 18839200668 郭铁强 1
1735 13782822558 孙梅 3
1741 15038148618 梁靖岩 3
1744 15893882604 孙晓娇 3
1746 15638906936 王婉真 3
1762 13037573355 李骞 3
1782 13839580966 王志平 1
1784 15039860655 王晓东 3
1789 13700898355 丁黎涛 1
1792 15238318072 刘美玉 1
1794 15936211181 耀伟 1
1795 18537185385 胡鹏飞 3
1803 13513897770 王虹 1
1811 13526527977 田海鸽 3
1813 18603398493 程达 3
1819 15937943967 李明哲 3
1820 13837729996 杜东茹 3
1835 15037987666 刘利娟 1
1842 18838283887 杨伟科 3
1848 13101796666 李尤杰 1
1856 15893199710 王梅新 1
1857 13938988855 任红恩 3
1859 13673681005 曹强军 1
1868 13569360657 陈虹 1
1871 13353793155 陈红 3
1874 15039820899 宁建军 1
1878 18637606777 冯有良 3
1880 13839881137 曹玉萍 1
1889 13839810182 郑亚丽 1
1890 15038070370 张建红 3
1896 18595832261 李亚 3
1900 18237180789 王莉 3
1904 18639735379 李庆玉 3
1909 15139738886 葛梅 3
1929 13633858878 刘伟涛 3
1946 15838595510 崔岩 3
1949 13837160556 张英 3
1958 13700815611 刘丽丽 3
1965 13939067967 刘俊鹏 1
1971 18317721733 杨伟伦 3
1984 15688118383 郭凯歌 3
1985 18790199339 陈波 1
1986 13569263699 孙双 3
1993 13939556969 闫爱玲 3
1994 13693853276 郭会丽 3
2003 13903785581 王少龙 1
2020 13703751636 樊恒杰 1
2023 13523679288 张志强 3
2025 13461007162 王露 3
2028 18336666061 陈晨 3
2034 18637466677 秦钊 3
2038 13903792426 王庆丹 1
2045 13233862877 曹小庆 3
2046 18738011858 宋侠颖 3
2052 17837006525 邢铭森 3
2054 13623988996 卢红丽 1
2067 13837569818 聂晋予 1
2114 13663807328 王宏伟 3
2129 18637269369 陈斐 3
2135 18649983788 田燕 2
2143 13523458875 李政 3
2157 13523279521 郭丽玮 1
2159 18339283910 黄莎莎 1
2163 18336157777 张德宇 3
2165 13803872268 单清林 1
2170 13903716911 陈德增 1
2202 13569626249 范智君 1
2239 13938265639 王新红 1
2245 13949117587 文成国 1
2276 13782900188 梅乐霞 3
2280 15839253527 张存鹏 3
2281 15516658811 康俊霞 3
2286 13673610681 芦静 3
2289 18137783333 马晓慧 3
2294 15903611133 朱颖 1
2298 15136557769 王乐 1
2302 18613702266 尤磊 1
2322 13703436688 姬俊梅 3
2323 18511716222 王洪祥 1
2324 15936610500 甄闯新 1
2333 13849645165 石复君 3
2394 18042680170 高晗 2
2408 13938032556 郭发周 1
2413 18539381869 巩卓 3
2436 13803780999 姚永鸿 3
2439 13569933536 张晓蕾 3
2451 13803918279 边莉红 3
2452 15139116636 冯磊 3
2466 15937838540 王涛 3
2483 15136166980 侯合宝 3
2498 13761661397 邵鹏飞 3
2500 13253880833 张姚霞 3
2509 17639681991 杨敏 3
2510 13839815112 王双娥 1
2512 15560022295 胡佳琪 3
2542 18837151957 殷华龙 1
2562 15503876888 权占先 3
2574 18639003968 孙秋红 1
2584 13673715252 汤炜 3
2598 13839889556 张静 1
2604 13598111446 黄艳彬 3
2605 15503710022 王娜 1
2606 13939810318 陈保民 1
2611 13903706000 孙伟丽 3
2638 13782274008 魏小奇 1
2639 13949751628 范留朵 1
2646 17603773997 渠涛 3
2652 13323880606 王新民 1
2662 18939399780 佀花蕊 2
2668 13837276668 赵长红 3
2671 15716616861 王小冬 1
2692 13803960066 黄秋杰 3
2701 13673870596 孙杰 1
2716 13007643670 韩莹 3
2717 18738777761 庞巧玲 3
2736 13838371391 周芳 1
2759 18637495593 马明霞 3
2779 13783809849 袁红梅 3
2782 18236567077 韩蕾 1
2783 18937800720 赵锟 3
2784 13733865066 冉红亮 3
2785 18838052260 锁瀚 3
2786 15238603507 张云楼 3
2787 13803866109 马民 1
2788 18522143434 杨国锋 3
2789 15237175854 郭斐斐 3
2790 18530037510 范晓阳 3
2794 18638280577 李大鹏 3
2795 15736882128 杨柳 3
2796 18703899883 吴世英 3
2797 15690638849 宋奇奇 3
2798 15237165951 郭世豪 3
2800 15093363587 刘宁 3
2802 18239980627 梅杰 3
2805 13703755939 王灵枝 3
2806 18603883968 朱玉顺 3
2809 15538380224 潘少良 3
2811 15890024272 何春豪 3
2813 15136423722 孙迪 3
2815 13213370572 李琳 3
2818 18239996077 胡嘉显 3
2819 18538322379 张亚平 3
2838 13803726658 耿向波 3
2842 17803759999 高锦辉 3
2844 13837626569 张莹莹 1
2846 15225097123 李园东 1
2850 15638682555 张利军 3
2885 13503976716 秦岩 3
2890 13673397688 于茜 3
2902 13803907988 张留华 3
2914 15238359923 冯庆国 3
2918 13613721939 秦翠霞 1
2923 15137873239 要振东 3
2934 15903666369 白冰洋 3
2941 13849858258 耿宝霞 1
2944 18003918023 张丽凝 1
2966 13523530000 杨丽 1
2978 18703611036 胡庆杏 1
2982 15136432828 陈万新 1
2984 13839582755 闫幸利 1
2988 13903812366 徐辉 1
3025 18738283612 芦春燕 3
3027 13523333510 姬志鹏 3
3033 13503887251 潘守锋 3
3039 18637405219 化秋香 3
3059 15038279296 郭晓菲 3
3073 13569279790 杜雪 3
3076 13939988128 苏鸿娟 3
3088 13503920087 李磊 3
3105 13633826889 姚培 1
3118 15514553377 陈宇阳 1
3122 15565332555 张晓丽 3
3123 13103855077 邓萍 3
3126 18638118197 李宁子 3
3142 18603771968 李东晓 1
3156 13673369601 王冠星 1
3159 18037170777 邢若雨 3
3164 13938708116 凌现强 1
3170 13569460068 李文颍 3
3171 15515618833 金娜 3
3193 18639286633 秦璐 3
3199 18939579222 张幸福 3
3204 15137007665 邵娟 3
3229 13569966108 沈红梅 3
3234 18503784374 李白 3
3250 13803777829 宁国彬 1
3257 15020220009 张若晨 2
3272 13703734803 李素香 3
3276 13663035065 刘金柱 3
3283 18838081163 刘燕杰（刘清文） 3
3287 13803802594 张洁华 1
3304 13937212123 李国栋 3
3319 13703969512 周尤贵 3
3323 17737118008 秦笑 1
3326 16603869975 孙治国 3
3335 13303757776 卜志浩 1
3346 13903759234 李建光 1
3348 15981861567 吴姿（吴华英） 3
3356 18639212233 程磊（牛牛老师） 3
3365 13837693732 肖东 3
3369 13592335381 张月华 3
3377 13503765946 丁元清 3
3388 15038193060 李宬悦 1
3398 18203631341 丁玲 3
3412 18236960666 付吟 1
3420 18317316695 李小东 3
3423 18638658655 测试刘鹏3 3
3425 18118433819 测试刘鹏2 3
3426 15838931379 测试刘鹏1 3
3429 13781850066 白杰 1
3440 15036109733 杜堃 1
3451 15838230257 常慧莹 1
3463 18697333366 常莉莉 3
3470 18568465996 孙文丽 3
3471 18568436699 王琨 3
3473 18638079889 李笑 3
3474 18614988688 张文玉 3
3476 18790279999 康亚龙 1
3478 15893528816 王子跃 1
3479 13523522955 张海珍 1
3496 16692920869 叶锦华 3
3497 18839656666 刘音 3
3498 13526118111 张晶晶 3
3506 13526130722 连艳丽 1
3516 13783686789 何浩川 1
3537 13693727509 赵欣 3
3541 18937280058 苗维维 3
3543 13403948688 窦梅芳 1
3551 15978438858 郑芳芳 3
3566 13598111117 樊军印 1
3570 15038167777 录艳 1
3575 18603718886 李燕燕 1
3576 13937197858 刘亚楠 1
3577 13526868805 张安庆 1
3589 18567760723 韩娇 3
3594 13633818595 张蓓蓓 1
3597 13937100757 李梦瑶 1
3609 18538295290 蒋晓涵 1
3610 15936201909 李冰雨 1
3613 18538156655 苏珊 1
3615 18539281993 刘静林 1
3620 13902975172 虞鸣鸣 1
3629 18613779951 梁玲 1
3648 15824625835 马续梅 1
3651 13837228807 王春红 3
3655 15515657677 李爽 3
3656 13903920479 孙喜矿 1
3657 15501216666 邓国亮 1
3658 13403766058 伍德军 1
3659 15225381058 伍温馨 1
3661 13608643933 张春华 3
3662 13507699777 刁凤琴 1
3663 17703705999 陈宏玲 1
3666 18638627999 杨锐（杨珺羽） 3
3671 13073727333 李红 1
3678 17719119950 魏梦阳 3
3699 13937623223 谢远锋 1
3700 15303717765 秦丽红 3
3703 18239910816 化召辉 1
3711 15839276075 窦雪荣 1
3712 13937006555 王珍珍 1
3713 13148019444 白博文 3
3720 15937282269 刘华强 3
3722 15516126262 郭建彬 1
3724 15903925727 孙强 1
3725 13569320266 孙健 3
3731 18912671650 王宇靖 1
3734 13569306998 刘庆三 3
3735 18603706121 冯智勇 3
3737 15083056660 李本良 1
3738 13782330188 张斌 1
3740 13937233287 冯晋 1
3741 13903719801 张万发 1
3743 15515555801 邵钰清 1
3748 13703719006 吕梁 3
3750 13837782488 王华一 1
3752 12503709275 袁红梅 3
3753 18003861207 李亚伟 3
3754 13333666989 贺文桂 1
3755 15738888927 杨玲 1
3758 13903876692 王国强 1
3759 13203887711 胡瑞珍 3
3764 18639929688 刘云云 1
3765 18336923666 李汶岂 1
3782 18638170211 刘兴辉 1
3786 13523516060 贾彤 1
3787 16637126066 聂法杰 1
3793 15978593396 岳红林 1
3805 13333703359 刘凯 3
3807 15737073111 金武 1
3809 15503821558 曹洋 1
3813 18143908999 杨昊 1
3814 17788168899 郭琰 1
3815 13592389891 周子舜 3
3816 13703829104 郭长海 1
3817 15000447444 赵伟 1
3819 15638287777 韩晓东 1
3821 13938536318 韦建新 1
3822 17166690000 孙磊 1
3825 13857112342 杨戟 1
3826 17537030222 李杰 1
3827 13526185843 范东晓 3
3828 13838418333 吴蒙 3
3829 13503466888 耿玉彬 1
3830 15824679085 曹彦丽 1
3831 15896879568 张梨平 1
3833 18137899303 陈友阳 1
3835 18530626897 荣梓辰 1
3836 15137151036 王华强 1
3840 13803830516 王枫 1
3848 15639378555 杨国利 1
3849 13939321680 王俊甫 1
3850 15290687022 姚岭 1
3851 13592252383 刘华 1
3852 13633946868 王霞 1
3853 15517535511 楚庆丽 1
3854 18638788786 曹雷 1
3855 15838610288 单丽娜 1
3857 13781228885 周占魁 1
3859 18736706699 史洪波 1
3860 13700715256 陈静 1
3863 15896717282 乔凌云 1
3866 15515498111 赵军甫 1
3876 13939311758 王丽珍 1
3878 13939335615 王利瑞 1
3879 18539725678 李昀辉 1
3880 15936655576 陈浩 1
3881 13633823639 陈一博 1
3882 13700825266 王卫东 1
3883 16638989869 苏琳 1
3887 17621887397 吴毓 3
3888 18803949999 雷雨苗 1
3889 13592283138 鹿君霞 1
3890 18839169795 董红兵 3
3891 15303949898 王钢 1
3892 18737164896 李胜利 1
3894 18237171612 高冰 1
3895 13683722828 宋建民 1
3896 15515002701 郭霆 1
3897 15837213333 吕千 1
3899 13937199139 陈志强 1
3901 18568300058 刘艳峰 1
3902 18637008789 竟贺迪 1
3903 13838920802 赵嵋嘉 1
3908 15539993666 杨恒 1
3909 13603941157 孔令菊 1
3910 18272878546 梁熙曼 1
3913 13700825199 李倩 1
3914 15896757899 黄凯 1
3917 15093377019 张鼎华 1
3918 13938551972 李振红 1
3919 13643882753 阮月菊 1
3920 18539938883 金锋 1
3921 13938811532 杨宝星 1
3922 13253850698 何道秀 1
3929 17329263456 黄鑫 1
3931 18639713232 宋一 1
3932 18790810661 牛晶晶 1
3933 13837266522 王山 1
3934 13140837123 王沛晓 1
3935 13601130276 张沥文 1
3938 15538331199 刘飞 1
3939 18537322861 彭芳 1
3940 13903729798 王澄清 1
3942 13116639269 李斌 1
3951 15936921916 田桂芹 1
3952 15839081666 张纾睿 1
3955 13707626606 刘娜 1
3958 15617027776 刘子文 1
3961 13613847817 吴瑞红 1
3962 13653978188 陈颖 1
3965 15238378388 曹朋朋 3
3966 15839999911 高芳 1
3973 15893004765 王佳峰 3
3978 18749908152 郝合军 1
3984 13027587888 杜福安 1
3986 17839209923 葛欢 1
3989 13693911229 刘梦钰 3
3996 18839269151 徐鹤龙 1
4001 13569037815 王登启 1
4005 13525587673 张晓博 3
4008 13569086462 许俊佳 1
4011 13838928556 王雪英 1
4013 15238705833 任学义 1
4014 15690620200 齐汝翔 1
4015 17719219188 孙建伟 1
4016 13838916507 石倩倩 1
4018 13849531890 周粉艳 1
4019 15236795782 张慧新 1
4021 13523373117 王振勇 3
4023 13782856033 冯海燕 1
4024 13253882899 燕小燕 1
4026 18515683199 杜宁 1
4030 13939599399 李旭 1
4031 18238498675 吕东丽 1
4034 13523206925 陈伟艳 3
4037 18737038885 刘颖辉 1
4038 13949692934 刘永志 1
4045 13783059296 张进中 1
4046 15539509333 刘红伟 1
4047 19939950501 于鸿洋 3
4048 13603958993 胡冠华 1
4051 18539516966 孙凌飞 1
4060 13838913368 李雁玲 1
4061 18272718688 杨帆 1
4062 13069470590 张海红 1
4063 15993707158 余涛 1
4067 15225802816 项天 3
4069 13838915895 赵迎迎 1
4071 18790039166 李小红 1
4075 18603946285 黄松 1
4077 13949695841 王军平 1
4079 13838929187 尹芳 1
4080 13838936226 师心伟 1
4083 13598789837 王帅 1
4086 18638928292 马如潇 1
4088 18838305394 李想 1
4092 15993708887 吉平 1
4095 15539117809 王跃龙 1
4096 15239788801 范亚莎 1
4109 15638051888 李留伟 1
4112 15039157607 牛京京 3
4116 15839175850 刘建平 3
4117 18539468000 明涛 1
4118 13598549854 陈更新 3
4121 13598228966 米建丽 1
4130 15138393805 李衡 1
4134 17527777777 孙国军 2
4135 16639331399 孙国军 1
4142 18838233701 石禹 1
4149 17629771813 吕小不 1
4150 16627902673 王洪波 1
4151 17703725888 刘枫 1
4152 15603708251 刘亚华 1
4155 18539293855 田甜 1
4168 17037803666 姜沛杉 3
4170 13903852777 姜晓东 3
4173 17630690177 薛永芝 1
4175 15617031213 薛婕 3
4176 13837066666 杭轩宇 1
4177 18736152789 于钟 1
4183 13839553888 高巍 1
4184 13139399587 高杨 1
4186 18339295171 闫小军 1
4187 15036175887 纪东霞 1
4191 15515997832 杨晓瑜 3
4192 17303700617 李文婷 3
4193 13803811195 王平 1
4199 18537027788 李玉梅 1
4205 15672795222 周珂珂 1
4206 18903760087 尹玲 1
4207 18637721009 丁洪超 1
4208 17639990000 王平 1
4210 13782102688 胡云滔 1
4214 15037356732 韩缔 3
4215 15515572809 姜梦洁 3
4218 15803877553 王丹华 1
4220 13721435303 张名扬 1
4221 13513716573 李新 1
4230 13803817569 鹿金利 1
4234 13607660117 张培 1
4239 13837168358 刘 3
4254 13673997178 程建展 1
4255 13526519870 冯丽媛 1
4257 19913333888 马佳音 1
4260 15517851280 高哲 1
4263 13633751811 郭靖华 1
4278 15639000123 王明霄 3
4307 18569997211 卢玲玲 3
4308 15538080000 岳亚静 1
4312 13213230392 巫朝霞 3
4325 18567670811 梁新启 3
4342 17539136201 王锦心 1
4350 13623712919 金冬梅 1
4353 18538668722 刘万福 3
4354 17329426666 祝居正 3
4378 18538219815 许梅荣 3
4385 13653806592 许荣 1
4398 13937751666 赵俊坤 1
4405 13569308698 张家法 3
4410 15136111066 程新芳 1
4431 18539788111 杨东辉 1
4439 13592330678 杨爱芝 3
4442 15538083808 周斐 1
4443 15936131813 魏银华 1
4460 13323600008 杨盼盼 1
4468 15103776207 胡玉兰 3
4472 18537022311 董明明 1
4493 18623969311 李婕 1
4509 17838850099 严平 1
4510 18637441113 杨峰搏 3
4515 18502185666 王保玉 1
4528 15537431199 贾曙玉 3
4535 17630008088 董治国 3
4540 13525515550 王克宁 1
4542 13949691719 李青 1
4544 13937687096 温会中 1
4547 13939281972 睢依帆 3
4548 15603920002 王利阳 3
4555 13569662655 唐淑芳 3
4556 18539249911 赵一帆 3
4559 13569650315 吴文博 1
4560 13103885522 徐强 3
4562 13271693225 徐汝山 3
4567 13676914003 范雨晴 3
4569 15670912035 牛冲 3
4571 15239019575 刘珠珠 3
4573 13703759561 渠蒙蒙 3
4576 13303819392 廉迎迎 1
4581 13938787688 杨超 3
4584 15939999908 崔东霞 3
4588 18539466099 李文峰 1
4601 15939998777 王译锐 1
4604 15838908818 王灵芝 3
4612 15539991100 肖琳 1
4615 13782331116 郑军伟 3
4629 13837795103 文武 1
4630 13569983999 李霞 3
4652 13700800080 裴勇军 3
4658 13939613986 门国政 1
4673 15838969878 刘震 1
4683 13839936392 陈楷 3
4693 15139663999 李琳 1
4694 18790008633 李书田 3
4699 13903996916 滕晓 3
4705 13782856393 李楠 3
4708 13938170853 王东艳 3
4734 13613938366 凌福杰 1
4744 13592298788 李艳红 3
4749 13839905885 高国良 1
4759 13643928456 邢清平 1
4815 13607625297 孟好 3
4819 13782475666 路帅 1
4832 13513961725 张秀珍 1
4848 15617653382 于茹 1
4849 15938062605 丁海滨 1
4851 15518319696 赵希儒 1
4860 13849538693 王云 1
4863 13569609970 王隽 3
4871 13525955555 闫永豹 1
4873 15393722372 李晓辉 1
4879 13663996016 许闵 3
4885 15036913189 侯其星 3
4886 15236307721 祝佳男 1
4887 18637799191 胡泊 1
4889 13939639333 闫鸽 1
4904 18639621010 李俊杰 1
4907 13507696797 赵辉。 3
4914 18638796580 李权民 1
4915 15843097161 刘远坤 1
4917 18538180023 杨慧芳 1
4920 17603867277 何辰浩 1
4922 18638738866 孙高洁 1
4924 18625583199 肖桐 1
4936 15565900919 胡允嘉 1
4942 18638796585 孙冠峰 1
4944 13598003626 杨泉 1
4945 13673351703 王昂 1
4946 18503875566 刘德波 1
4947 13838321864 董雪峰 1
4953 18803929602 韩瑞红 3
4977 13723051961 于少博 1
4982 13938049283 李森 1
4990 18600057261 李伟 1
4993 18032013555 敦永锋 1
4995 15803700518 李立 1
4997 18613713881 张丽君 1
5009 18538293104 陈博 1
5012 13393735582 李娜 1
5013 13839503886 钮晓乐 1
5017 13526707120 余振红 1
5019 17339510888 李杨 1
5020 18239526666 韩利涛 1
5021 18939555777 卢红 1
5022 17339577777 张恒 1
5029 13839040595 赵秀梅 3
5031 18530866708 付天喜 1
5032 13298363587 时春利 1
5042 18803928989 高承 1
5047 15537950777 郭龙龙 3
5050 13603957819 陈晓 1
5061 13838860870 张江辉 1
5068 18613798778 胡达伟 3
5071 13803822628 汪成江 1
5074 15503743377 张程 1
5076 13782000090 陈鹏宇 1
5077 18837799666 米新玉 1
5078 13137435708 吴献超 1
5079 13271268668 张海娟 1
5083 15346397777 彭金柱 1
5085 18039228489 骆光奇 1
5101 13938409022 夏长虹 1
5102 18639612000 陈少华 1
5104 18613716062 陈丽娟 1
5106 18638037921 于文龙 1
5108 13922205555 许忠志 1
5109 13838836616 蒋瑞粉 1
5121 18569996906 裴安卓 1
5127 13903790258 兰永杰 1
5131 13603700285 夏有斌 3
5135 15637409705 贾淑英 1
5138 15138555888 张谦 1
5139 13837422169 史旭东 1
5140 15539001777 高瞻 1
5148 13607638585 白红 1
5152 15638897799 徐东 1
5156 13924273599 李炜 1
5159 18137537777 郑帅 1
5160 18568719999 崔明亮 1
5161 18637969321 孔鑫 1
5162 13592686077 孙秋 1
5164 18638688933 路素青 1
5168 13643867038 张晓兵 1
5169 13653866336 娄志刚 1
5173 13693716661 于春霞 1
5177 13598887774 蒋华勤 1
5178 18638179668 王军胜 1
5180 13503761188 孙振群 1
5182 13839327272 胡伟 1
5184 18838936732 刘勇 1
5185 15939577333 张人杰 3
5187 15139787888 陈旭 1
5188 18137377507 万帅良 1
5190 18839561736 高鹏飞 1
5191 15838358029 王栋栋 1
5194 18637187080 张梅 1
5195 18937152315 李梓沐 1
5196 18103828262 贺小帅 3
5197 13838808572 刘华龙 1
5198 18337887878 李鑫 1
5203 15639705390 汪波 1
5208 18337067777 刘秀芳 1
5213 18339210977 李鹏飞 1
5214 15517527207 刘蕾 1
5217 18300666587 郑文举 1
5219 13933250351 刘辉 1
5220 18630233352 冯宏智 1
5228 13663816682 张雅琴 1
5229 13839215021 杨素梅 3
5230 15539285210 马国栋 3
5235 13938360775 黄红 1
5237 13526246666 刘好勤 1
5239 15837255666 张关顺 1
5254 13619899966 李冬 1
5255 18638582788 刘贞森 1
5257 13598105052 赵红 1
5260 17796773222 陈海燕 1
5263 13569326177 冯亮 1
5265 13523089199 李建党 1
5266 13383705555 张虎 1
5267 17703996930 孙小峰 1
5268 13939587163 曹群仙 1
5270 18239922163 段宁宁 1
5274 13603851460 赵爱华 1
5277 18637466588 李冬子 1
5278 13193911215 甄丽敏 1
5287 18538209588 马海燕 1
5289 15517688103 崔海军 1
5295 18530990001 马鹏凯 1
5296 13937009129 屈彬 1
5297 13837009119 祖留忠 1
5299 19937815311 王彦涛 1
5300 13838902911 杨建平 3
5310 17627173191 王林刚 3
5313 15039652199 刘黎 1
5314 13564668180 张俊岭 1
5317 17739399868 钱玉 1
5319 17698919777 王清森 1
5320 13939427888 白会珍 1
5323 15838998773 李珂 3
5324 17624021369 李方圆 1
5325 18768865188 刘文宽 1
5326 13703932745 柴清玉 1
5329 18638292076 李庆威 1
5330 15039129111 陈飞 1
5331 13903712807 常富全 1
5333 15981891981 李相忠 1
5334 18339989855 代智会 1
5335 13598871013 刘泽春 1
5336 18603718361 张凯 1
5343 13598861701 张宝利 1
5344 13903833233 关高峰 1
5365 15136139323 张琳 1
5368 18638093867 申聪聪 1
5370 15939465555 郭华 1
5375 18103894592 李战军 3
5383 13903969362 方震威 1
5384 18037231166 马丽娅 1
5392 13526221616 王燕 1
5394 13608618878 刘建芳 1
5396 18638189772 邱昱博 1
5406 13910023506 韩彦 1
5409 18595551818 刘科伟 1
5425 13903701198 袁法中 1
5432 13603871189 胡博 1
5446 13526789805 葛芳 1
5450 15838755888 周锴 1
5451 13937767778 秦超臻 1
5455 13507609000 付俊 1
5459 15716631111 孟向东 1
5460 15538373996 张猛 1
5463 15639771199 平冠兰 1
5464 18595873602 李艳蕊 1
5474 15560067811 林亚飞 3
5477 13839928559 赵春 1
5478 13937481061 路君丽 1
5484 15637903319 王广辉 1
5488 13903737733 吕精普 1
5490 13937350281 朱性彬 1
5494 15993715270 程艳丽 1
5502 13949965352 樊冬艳 1
5504 15236335757 邱霞 1
5508 13673370321 石勇 1
5509 13733611222 朱孟杰 1
5511 13939479913 常怡阳 1
5518 15239110215 李曙光 3
5525 18039493636 周君 1
5528 18137368008 薛辉 1
5538 13937059005 李冲 1
5544 15939100011 张飞舟 1
5551 13838934566 葛维杰 1
5553 13333858585 魏丙豪 1
5559 13838913095 姚国珍 1
5562 18790008889 余倩娜 1
5570 15878756888 李燕华 1
5572 13949692220 张娜娜 1
5574 13838909586 孔春华 1
5577 15978715153 周丽 1
5578 13592246233 王素洁 1
5586 13903894688 王春平 1
5590 18695899973 李婧霏 1
5595 15238390987 杨冰冰 1
5598 15093910003 鄢军 1
5602 13838900685 李兵兵 1
5603 19937779988 刘鹏飞 1
5604 18638567062 张云梅 1
5607 13838922311 张辉 1
5608 13938006802 李彩霞 1
5612 15836890000 袁桥 1
5613 13639625777 韩艳梅 1
5625 15138283992 王梦宇 1
5626 15803702601 王利敏 1
5628 13069499593 王文波 1
5630 18503922902 宋海莲 3
5633 18516897886 胡宇琛 1
5638 13839437799 孔德广 1
5640 13803929583 秦艳梅 3
5659 18939601008 赵智广 1
5660 13639856869 南文静 1
5663 18739488088 刘余良 1
5664 13599608969 石友峰 1
5670 13598550656 刘峥 3
5672 13283803888 秦洪涛 1
5675 13503761263 阚刚 1
5683 13037519659 刘伟 1
5687 13598001935 耿红梅 3
5688 13937063629 卢明贤 1
5691 13949061099 张亭 1
5709 18539530690 黎哲 3
5712 15037728688 赵增 1
5713 18837788883 雷高毅 1
5716 16638778666 张馨 1
5730 18738098838 程华冰 1
5733 13603709995 姚现章 1
5736 15729236789 王娟 1
5738 13698854163 王瑞 1
5742 13903708155 史建鹏 1
5753 15290993999 闫丽惠 3
5760 17739581697 刘春娟 1
5763 18864607999 雷军峰 1
5765 13782227778 路伟 1
5767 15839039999 白志伟 1
5774 13937171539 高大欣 1
5781 15517399999 赵磊平 1
5782 13333961996 马卫然 1
5783 13939416802 崔晓艾 1
5788 15938397777 因克强 1
5792 13673906796 刘合莲 3
5794 18903799997 杜殿敬 1
5796 13592093827 刘辉 1
5797 18237962318 董学文 3
5814 15836212999 丁君 1
5816 15560290252 张峥 3
5817 15038661270 赵蓉蓉 1
5822 18530902828 闫东方 1
5824 15993259518 卢雅洁 1
5826 13938896953 庞长有 1
5830 13303702323 邵光强 1
5832 15237377000 韩宁 1
5834 13633969002 邓幸 1
5836 15225775661 常帅 1
5841 13569313962 吴云鹏 1
5851 18695856911 王三彬 1
5859 13633921616 李志胜 3
5861 18567557759 魏蕾 1
5873 13603794626 方洛 1
5875 13781253337 刘光辉 1
5879 18637601359 柳世君 1
5884 13838883779 刘乐乐 1
5888 13837637333 杨显强 1
5893 15937941899 戴建蓉 3
5900 13663822553 赵芳 1
5903 18103810019 姚晓娜 1
5912 15637402856 徐子敬 1
5913 13937485082 李文丽 1
5914 13333991660 李艳芳 1
5917 13673889566 陈国新 1
5919 13837337688 王伟 3
5931 13569358166 李早 1
5954 18568810188 王志刚 1
5957 13937005866 杨金祥 3
5958 13782467219 冯艳丽 1
5961 13703991525 丁香 1
5971 13937006757 杨娟 1
5972 13707623198 彭利 1
5975 13273805301 李翊宁 1
5979 13837831515 杜振亚 1
5985 18639150000 买少辉 1
5990 18003976999 许谦 1
5993 13603762489 李前程 3
5996 13523778886 邢涛 1
6004 13603913550 赵鸿辉 1
6006 13939155263 张红军 1
6007 13939166596 任鑫 1
6012 13903937133 付成寅 1
6013 13253550321 史爱梅 1
6017 18639302671 刘华继 1
6019 13903911882 郭步春 1
6022 13503910049 薛勇 1
6023 13783915528 郑艳菊 1
6026 15838963963 阮卫东 1
6027 13633939699 韩晓梅 1
6028 13569300567 袁小全 3
6029 18738818333 王冰 1
6032 13619865559 何兰英 1
6034 13903705795 卢丽娜 1
6042 13333853355 李广龙 1
6048 13937405568 赵凌玉 1
6051 13666813642 郭永明 2
6053 15517688113 赵红霞 1
6066 15639181521 田晓明 3
6077 18317395650 王迪雅 1
6078 15239930188 韩方钊 3
6081 13937516286 张国安 1
6082 15993569368 刘延永 1
6085 13569577118 李玲 1
6087 13937007757 段勤勤 3
6090 18611910377 郑颖 1
6091 13837501122 李红霞 1
6099 13949482772 王敏 1
6101 13700761258 刘万浩 1
6104 17639100706 王奕天 3
6110 15893666688 李鹃凤 3
6111 13271307333 王志刚 1
6125 13298223663 王亚平 1
6128 15538632293 游淑焕 1
6129 13849457363 丁燕 1
6131 13603761351 朱长合 1
6141 15237057776 刘坤鹏 3
6144 13938522259 刘仁和 2
6146 13503752967 刘明山 1
6147 15036303065 王文博 3
6148 18903756665 张运璞 1
6152 13526252219 周彩云 1
6157 15937557666 郑义伟 1
6160 13903907323 张保军 1
6167 18537673711 任献荣 1
6168 15517755220 王若同 1
6171 18671070817 徐静 1
6172 13513880128 柴旭东 1
6188 18625526921 谷慧娟 1
6197 13938677087 陈世彬 1
6201 13526923347 黎桂玲 1
6217 15638675688 宋柯 1
6220 13837580622 孙淑君 1
6228 18039550777 马瑞菲 1
6230 18937511111 胡峻源 3
6232 13937296816 司马强 1
6248 15237557888 张亚思 1
6249 13271198023 陈钊辉 1
6250 13598831616 黄云飞 3
6252 13613860287 王惠民 1
6255 18638232656 何君 1
6259 18662156126 王钰栋 1
6263 18639131588 任宗凯 1
6265 15903750035 刘润华 1
6268 17788189999 黄智慧 3
6272 17629907669 余晓波 3
6283 15617898983 方慧慧 3
6284 13733178161 张婧轩 3
6310 15938769399 代纪玲 3
6313 13937529588 张煜讴 1
6316 13598335501 田宇 3
6317 13592343768 程永亮 3
6318 13203730132 金灿 3
6319 15837058333 刘翠峰 3
6320 15539089996 蔡潇毅 3
6321 15836868888 桂坤鹏 3
6324 15503895799 陈凤祥 3
6326 13937075777 孙国利 3
6327 13592307338 阮惠敏 3
6328 13949905999 李亚楠 3
6329 18803701968 刘纯东 3
6330 13462908888 路伟 3
6331 13353607688 吕国延 3
6332 13569340635 李绍兵 3
6333 15036663909 刘源 3
6334 15839016111 孙爱华 3
6335 18502137666 任凤丽 3
6337 18103709966 胡启星 3
6340 13703829889 贺志浦 1
6343 13703933039 彭威 3
6350 15537132886 屠畅 1
6352 13525851667 李雪玲 3
6355 13937527828 黄武钢 1
6356 13592667617 孙立 1
6362 15238218000 杨文星 3
6363 15638679000 崔国乾 3
6364 13781807825 田军民 3
6365 18437556666 田玉辉 3
6366 17737836778 曹春英 3
6367 13782490909 赵新磊 3
6368 18037952579 王玉波 3
6369 13333878638 薛浩哲 3
6370 15978658888 张飞 3
6371 13837992915 吴昭晖 3
6372 13783180093 马瑞 3
6374 13592077687 周晓卿 3
6375 15738089666 江松涛 3
6377 13939800675 冯海洋 3
6379 17630357772 高洋 1
6381 13703819023 张宏超 3
6383 13903819888 杨鸣 1
6390 18538679800 段传奇 1
6391 13939899323 张佳 3
6393 13273989988 王先震 3
6395 15713821119 郭拴才 3
6399 13030340112 李芊芊 3
6400 13803997253 胡杨征玮 3
6401 15896694333 曲罗鹏 3
6402 13803888200 郭新安 3
6403 15537996188 吴嵘 3
6404 13608652937 王亚各 3
6405 13523796398 李传江 3
6406 13598189825 马艳 3
6407 13015553679 刘瑞 3
6408 18900988888 君邻会 3
6410 15837588888 刘艳彩 3
6415 13503915559 冯辉 3
6423 13837520052 智睿瑞 1
6424 13592220016 朱红 1
6425 18739137573 史琳琳 3
6428 15036718888 宗雷雷 3
6429 13937392052 马玉伟 1
6430 18237374828 张亚娟 3
6431 18903753135 吴玉良 3
6434 13938849012 李东林 3
6435 15503989779 刘斌 3
6436 15939130113 张艳平 3
6437 15038666161 万傲吒 3
6438 15896505365 李宇航 3
6439 18739806255 吴婷 3
6440 13903795196 马黎波 3
6441 15837979938 王君霞 3
6442 18639168912 梁雪峰 3
6443 13603792569 覃毅华 3
6444 13937558999 李玲杰 3
6445 15603713711 付敏 3
6446 13949663300 徐素德 3
6447 15517983514 李依璐 3
6448 13721439818 陈亚菲 1
6449 13837589999 张定乾 3
6450 15236235555 胡俊峰 3
6452 13598296888 王玉建 1
6457 13838930296 宗佩 3
6460 13603719232 李爱萍 1
6463 15517774444 张德坤 3
6466 13838885531 刘德功 3
6467 18336835790 王岩 3
6468 18137706813 亢旭明 3
6472 13603790173 陈晓菲 3
6473 13014761018 李风仙 3
6475 15978718887 刘继鸿 3
6478 15603798655 李宝坤 3
6482 13323758587 丁建文 3
6483 13782968878 井淼 3
6485 13653872663 熊艳可 3
6487 13603866707 赵明 1
6490 18639491616 吴锦英 1
6498 13623877777 邱大森 3
6499 17737774440 张庆丰(张辉) 3
6502 18603960616 施坤民 1
6511 15736771155 唐浩然 1
6514 13903736677 刘彦波 3
6526 13503709811 宁春华 3
6531 15938715857 李俊峰 3
6534 13598868345 孙秀芬 1
6541 13781335866 梁拥军 1
6545 13903913505 王满红 1
6551 15037488888 韩非洋 1
6552 13839490986 关艳丽 1
6559 13839302697 张艳星 1
6561 13030323030 魏晓东 1
6580 13513716099 孙茹 1
6583 13526512977 张鹏飞 1
6588 15839339767 孙淑霞 1
6589 13193599505 李丽霞 1
6590 13837788086 陈红 3
6598 13949733305 刘广亮 1
6600 15736783738 李博（李易禅） 3
6605 13903937725 马大庆 3
6606 15939316333 贾士昌 3
6607 13849318881 刘莉 3
6610 15893726661 刘冬延 3
6611 13781398558 鲁俊敏 1
6615 15139277709 明朝辉 3
6616 18116339393 何宏彪 3
6619 17739100108 张海洋 3
6630 13782689240 侯延锋 3
6631 13838923611 孙欣 3
6632 13938176372 李秀启 3
6634 15517759499 苗林晓 3
6636 13838929033 郭旭东 3
6637 17698297777 冯瑞 3
6640 13569399555 史景涛 3
6643 13503755888 孟力 3
6645 17601001777 李芳 1
6646 13353928675 王桂合 1
6649 18339456526 师红丽 3
6650 15617156160 高翔 3
6651 18639666667 王琰 1
6657 18838835678 田爽 3
6658 13783155428 刘利侠 3
6659 13703881866 周杨 3
6660 18639227698 郭辉昂 3
6661 18837916772 高慧娟 3
6662 13938831693 周攀 3
6664 18737970925 谢岩 3
6665 13938899808 楼俊 3
6667 13592071528 张建宽 3
6670 13795333337 王亚蕊 3
6678 18638858977 高源 3
6683 15638745678 杨宇峰 3
6684 13323886290 陈淑君 3
6687 13837978922 杨亚军 3
6688 18538882076 李超美 3
6689 17596526301 芦阳阳 3
6692 13525666969 冯克 3
6693 18237917779 张会晓 3
6695 13781420052 韩方芳 1
6699 13937959545 王建伟 3
6700 13783179998 马培培 3
6706 13949972222 李彩霞 1
6713 13611589329 赵大斌 3
6720 15670889656 原野 3
6722 18697796777 王当海 3
6723 15537215551 郭元杰 1
6730 18939215531 华皓阳 3
6734 13949950659 王哲学 3
6736 13603946031 陈双燕 1
6745 13837036159 李金明 3
6747 13603778984 盖晓鹏 3
6760 15736728897 葛会敏 3
6761 18738828885 张银君 1
6762 15039112596 张晓龙 3
6766 15236556552 殷敏 3
6769 13837081822 张宁 3
6772 15037075515 张宁 3
6773 13837147230 闪琨 1
6776 13503721545 刘艳霞 3
6779 18637213339 陈晨 1
6782 13733858547 王丙辉 1
6796 13503873966 郭敏 3
6798 16637267717 王宇 3
6801 13223939120 赵玉红 3
6802 13592572222 周洁 3
6803 13707673678 李邓洁 1
6804 13703838530 王莲苑 3
6805 13839260885 杨彦军 3
6807 13938328178 翟兴伟 3
6809 13903775605 宋维 3
6810 15038269535 李永杰 1
6813 13623708805 武志强 3
6814 15890078516 贺红 1
6816 13938887271 王友敏 3
6819 15516950088 王亚莉 3
6820 18337070096 刘岩 3
6822 13503813199 杜玉玲 1
6823 13783708618 邵光生 1
6833 13592591219 郭永英 3
6841 13083853818 白军丽 3
6851 18237219988 王涛 1
6853 13592277666 杨华 1
6855 18530972110 秦永胜 3
6856 13903870999 刘英 3
6859 13033862345 王俊停 1
6860 15824855311 骈秀娥 3
6863 15603800913 杜银峰 3
6864 18839222345 于兰锋 3
6866 15239295555 董超忠 3
6867 15736958866 侯玮青 3
6868 15839256622 乔亚男 3
6869 15639210328 朱爱朝 3
6870 15235650510 马献青 3
6874 18638059888 王鹏 3
6876 13213017666 潘蕊娜 1
6877 13783440402 徐志军 1
6879 15893258727 郭晓玲 3
6880 15936260604 王惠杰 3
6881 13525606983 王华 1
6882 13781330098 李现杰 3
6883 18639591166 邹学燕 1
6888 18239387778 肖向峰 3
6890 13513937078 陈林清 3
6892 13839280098 马翠珍 1
6893 15803927378 赵兰兰 3
6897 13903770601 张驰 3
6898 13839907989 孙健 3
6900 18639260387 侯志华 3
6901 15703923666 申存磊 3
6902 18939276661 李辉 3
6903 15539157775 卢强 3
6907 18903937918 乔磊 1
6908 13069502175 张 峰 3
6921 15083278127 胡强 1
6922 18603929331 高翠 3
6923 13613952266 王提 1
6924 13937783067 严霜 3
6926 18838135068 陈绍方 1
6933 13837196239 李斌昕 1
6956 15936510453 徐帅 3
6960 15249749692 刘孔艳 3
6961 13839062267 田玉军 3
6962 13903802977 郑朝艳 3
6965 18339505000 董安定 3
6967 13837398839 王林红 3
6968 13525572286 李亚青 3
6969 15037368078 刘晓童 3
6970 15137339909 仝翯 3
6975 13323629010 苏彬 3
6977 13937009523 王景一 3
6978 15093726001 郭伟东 3
6984 15993705598 许苗苗 3
6987 18503772811 王彩霞 1
6992 15090433880 赵佳鹏 3
6993 13603727176 谭洞明 1
6999 15938125166 赵宁 3
7004 13569381588 张秀琴 1
7007 13393942688 李新成 3
7013 13613863223 景清璞 1
7014 17637127999 赵运霜 1
7016 13733858961 边瑞 1
7018 18569858999 牛子荣 3
7027 13569356660 刘建军 1
7035 16638961111 赵胤杰 1
7044 13603705582 杨钧 3
7046 18624797510 刘晓川 2
7051 13513749997 李四德 1
7059 13526311516 武玉强 3
7067 13507668896 薛松辉 3
7068 18937638686 彭海洋 1
7074 15249676984 张涛 1
7101 13937375794 韩平军 3
7108 13703857666 侯战 3
7109 15093517766 张路苒 3
7110 13333717885 李彩英 1
7111 18639693999 李俊领 1
7112 13838686789 高洪驰 1
7113 15890108999 李真真 3
7118 13592266966 李占 1
7125 13939039387 闫伟涵 3
7126 13938789001 员红奎 1
7127 18537043704 雷文 3
7130 18637001616 冯瑞 3
7132 18137780555 张茂貌 3
7147 16650112190 王琪岳 3
7148 18503729775 张弘 1
7169 17698053205 刘飞成 3
7170 13298100462 张琪 3
7171 18583987689 郭锐鹏 3
7173 15324651737 扈高峰 3
7182 15638528882 刘硕 3
7195 13781937143 娄山峰 3
7196 13303918008 孙晓英 3
7210 13673644228 姜勇 3
7213 18801351199 刘飞 1
7230 13598888743 胡利平 1
7232 18003871777 张三 3
7247 13903740296 赵丽 1
7251 13700894992 周红云 1
7253 13949000181 吴秀梅 1
7255 13839292059 魏方深 1
7256 13592665871 杨永卿 1
7273 18837162057 孙玉霞 3
7277 15038171761 高锐红 1
7281 18638395698 王传开 1
7282 13598982222 孙俊超 1
7283 18037592236 刘东栋 1
7284 13703868598 薄原昕 1
7288 18530919629 史小博 1
7289 15138920966 房晓鹏 1
7290 13674988989 罗静 1
7294 18318555555 闫浩磊 1
7307 13937597777 刘博洋 1
7316 15203785555 董豪强 3
7319 18639778598 李健勇 3
7320 13087063383 赵琛 3
7339 13903717077 赵芳 1
7347 13598869718 阚全富 1
7353 18638688365 童伟丽 1
7362 18003866354 王涛 3
7373 18637769096 李斐 3
7377 13592691530 路一帆 3
7381 17839986292 普诚 3
7386 13283742061 张会娟 1
7391 13623819899 李爱敏 3
7400 13903775229 赵俊祥 3
7418 18037605186 彭帮霞 1
7423 13837130803 陈玉萍 1
7426 13503839516 陈宏伟 3
7427 18538233677 张少庆 3
7434 13403710009 黄震 1
7438 13939031998 李冬 1
7441 18739935816 王娅 1
7445 13592400566 王震 1
7446 17703866905 李艳霞 3
7449 13903991309 姚朝辉 3
7451 13569329718 吴国旗 3
7452 15936211696 胡磊 1
7454 13838116539 李继东 3
7456 15560228866 李金燕 3
7466 18637127987 温运占 3
7469 13782889322 雒照新 3
7482 13911084200 黎君仪 3
7487 13693711399 姜凤姝 3
7493 13838331112 史国军 1
7505 18238043450 朱妍 3
7536 13910399609 马亮 1
7543 18837191919 顾科伟 3
7546 13903775078 郭法伟 1
7548 13838999077 郭晓梅 3
7552 13938566699 李素芳 1
7553 18868481111 陆国清 3
7558 13838127886 廖明 1
7559 15890609668 吴桂英 3
7575 13937076766 朱晨溪 1
7582 13603465588 宋尚明 1
7590 13903857105 刘兰 3
7591 13693713399 杨丙光 1
7603 13526290527 马莹莹 1
7606 13676993316 吴永江 3
7608 15837776557 邢林平 1
7623 13838359787 孟海 1
7624 15083398898 张宇航 3
7627 18638159636 范婕 3
7629 13598280071 李凤茹 1
7631 13189355866 刘占清 3
7632 15937718018 王翠 3
7633 15688163937 高文盈 3
7638 15838909090 薛金平 1
7640 13937105272 肖少文 1
7643 18638505010 陈瑞迎 1
7658 13938082966 齐育才 1
7672 15093462079 张延露 3
7674 18603730050 万蓉 3
7675 18637333919 陈志勇 1
7683 13937146124 王天水 1
7688 18838160555 张子彧 3
7689 13503453755 陶丽娜 1
7703 13839516055 张俊杰 1
7706 13653835366 任瑞侠 1
7711 15638100730 赵文娟 3
7712 18638902828 郑建军 3
7717 13839595138 刘彦杰 1
7718 13513969288 刘晓静 1
7719 15981887766 张训科 1
7722 13619898917 杨艳起 1
7734 18790618980 王一然 3
7738 15836036999 齐尚峰 1
7743 13707653699 翟丽敏 3
7745 13803779333 赵志军 1
7749 13101719866 吴庆辉 1
7754 15903778666 刘小菊 1
7760 13937395796 王美霞 3
7762 15090083052 李治忠 3
7770 15896666231 李怀东 1
7771 13598678678 赵卿宇 3
7783 13838217790 孙长玉 3
7786 18838022383 耿书玲 3
7788 13937160026 翟一田 3
7792 18838102288 饶雪峰 1
7796 13603978866 郭磊 3
7799 13903813019 张存文 1
7802 13838868522 文群英 1
7811 18637170550 邢晓程 1
7812 18638275645 刘真 3
7819 15729239019 王保忠 1
7834 13938051799 齐正立 1
7839 15838181811 程尧 1
7841 13603999011 秦静 3
7842 13526666688 王挺 3
7843 18603812925 贺建华 1
7851 13803913300 白霞 1
7854 13803999035 孙进 3
7856 15136799985 王震 3
7859 15538786666 刘浈波 1
7862 18803711698 吴达贤 1
7863 13903775198 李景吾 1
7870 17603858012 童婷 3
7875 13839905261 王静 1
7878 15093180009 肖瑜 1
7879 13700709976 闫伟 3
7888 13838069682 耿新明 3
7892 13811110111 余涛 3
7900 13526530008 田雨 1
7911 13603829199 杨阳 1
7912 13633800703 李世安 1
7918 15093309888 田彩霞 1
7929 18903716997 翟峰 1
7934 15937683516 秦居鹤 3
7940 18539266119 张健 1
7946 13513855221 李春杰 1
7949 13598061569 李明峰 1
7953 13673613935 冯丽勤 1
7956 13939079710 张沁鹤 3
7966 18637391288 秦刚 2
7969 13523800027 张申 1
7970 15003719911 王丽丽 1
7972 13014507777 陈红雅 1
7994 13938353368 刘秀兰 1
8007 18037697561 刘川 1
8010 18203689999 赵钰哲 3
8011 13037540009 黄煜 1
8014 15038183333 刘琳 1
8023 13838262966 刘君阁 1
8024 13592605909 段淑贞 1
8030 18333701073 尉江亭 3
8033 17737731111 崔懿琳 3
8038 15837165678 李梓菡 3
8050 13703876666 刘保卫 1
8056 13673619122 毛亚丽 1
8060 18537417777 周晓月 1
8061 13522234717 徐鑫怡 1
8064 13703875829 闫学文 1
8066 15936250081 赵正强 1
8078 13673626370 李玲 1
8080 15937700018 何政昊 1
8089 17797732352 宾果测试-体验会员 3
8090 13837181751 陈润英 1
8095 13676956388 郭玲玲 1
8113 15517171960 郑玉萍 3
8127 13525560702 李琳 1
8132 13213158569 张阳昱 1
8142 17796536890 孙阳阳 3
8145 13103787990 金贝 3
8164 18503812828 蔡梦怡 3
8172 18838107081 许春霞 3
8174 15003717578 史凡 1
8175 19803627036 翟文思 3
8176 17703966603 姬玉溪 1
8179 13569937777 宋炎宾 3
8182 13607622128 王明伟 3
8185 15670973634 田伟 3
8186 15516777611 马晶娜 1
8187 15053777799 陈奕希（陈曦） 3
8196 13523383088 韦丽 1
8209 13938431909 张海洋 1
8222 13937070061 马永民 3
8230 13461216121 马景鸿 1
8235 13803838875 郑丽 3
8236 13283846030 陈仲豪 1
8241 15378728811 董尧 3
8242 15993592613 吴绚 3
8250 13903821601 陈志伟 1
8251 13603407873 郭倩倩 1
8252 15890698673 董大军 1
8253 15890602030 宾果测试-正式会员 3
8254 17603727197 姚忠新 3
8255 13903860386 郑素敏 1
8256 13939018519 张霞 3
8258 13939101555 王永军 1
8262 13683838675 张瑞玉 1
8265 18737569797 崔石磊 3
8279 17630007757 罗治政 3
8280 13592522582 刘亚丽 1
8281 15539131616 吴东梅 3
8286 13203825000 张自磊 3
8290 13503716707 吴月瑶 1
8296 13838948180 赵爱玲 1
8298 13639800111 李秋艳 1
8303 18838255567 许一博 1
8307 18638017977 武煜 3
8314 13938548860 白金奎 3
8320 18135677777 张勇 1
8321 17638513878 刘素慧 1
8341 15237239199 孟戌捷 3
8343 15515008133 董冬 3
8346 15137218333 张坤 1
8355 13838398229 王丹 1
8356 18503802986 魏如歌 3
8359 13839656211 郑长洁 3
8360 13782452735 朱宇华 3
8363 13803838998 魏俊超 1
8365 13803822079 刘爱兰 1
8375 13803820992 吴可天 1
8377 15838387711 王保营 3
8383 13569576036 宋兆保 3
8388 13803850602 邱显微 3
8391 13383941111 李春丽 3
8399 13937710753 宋金超 1
8413 13271773905 贺新英 3
8428 18736758768 董英 3
8431 13987165503 杨东 1
8434 18737186999 李满会 1
8443 15838105946 陈鑫 1
8450 13721431789 黄领 1
8456 13393718918 李先生 3
8467 15936957241 苗小波 1
8468 13938078758 林峰 1
8473 13803810605 杨丙安 1
8478 18639190820 张海洋 3
8480 13676961016 胡国云 3
8485 13703995265 王亚琼 3
8494 18595850999 赵明明 1
8499 15082938917 刘伊静 3
8526 15937765555 张道欣 1
8539 13613870079 巢峰 3
8541 13837738071 张萍 1
8550 17537126868 李芸 3
8564 13839561762 魏凤枝 1
8587 15037351513 刘培超 3
8606 13393712631 丁春平 1
8608 17603870183 黄蔚 3
8621 16692125595 高修京 3
8623 13903808658 李凯 3
8634 15936164890 龚琳 1
8637 17719946000 张岩 1
8639 18852869671 王亚萍 1
8641 17838627595 张雨营 1
8642 13213204105 刘健 3
8647 13080176330 王晓杰 3
8655 13523453004 王敏 1
8661 15137115539 王冠 3
8662 18838229833 陈维智 1
8663 15303979999 高新忠 1
8664 13691375830 赵丁 3
8672 15890060364 吴少婧 3
8674 15637119526 孙娜 3
8684 13937109689 田焕英 1
8687 13598880729 朱建红 1
8718 18236413111 薛静 2
8720 18603865015 明小燕 1
8722 13603792276 马艳红 3
8723 13837953808 田玉华 1
8736 13803700266 尚伟 1
8750 18603704456 陈艳 3
8772 18603795000 范保付 3
8789 18736736666 薛玉东 3
8794 13592370277 代恭伟 3
8805 18616692777 李涛 1
8808 13598818288 王秋红 1
8811 13526679771 石延卫 3
8816 15939061718 李磊 3
8825 13233959549 魏孔亮 3
8830 13515609727 黄玲珍 3
8837 15137972114 张书科 3
8852 18003883125 朱祥江 3
8854 13937994485 黄进 3
8868 15225230899 袁艺文 1
8871 13569308280 代庆华 1
8892 13733814939 赵丽铂 3
8907 17537058197 张博 3
8954 18272161531 侯可可 3
8957 15515641997 藏亚 3
8960 15200814029 张文博 3
8966 17333814106 杨家祺 3
8967 15534199361 米惜灵 3
8968 15939016093 孙兆飞 3
8970 13839007957 王洋洋 3
8971 13904966942 张小青 3
8973 18393374208 冯思嘉 3
8974 13610296830 奚代珊 3
8975 13465616856 李岩 3
8976 18315620705 黄修全 3
8979 17724354613 成泉 3
8980 13919642506 张天红 3
8982 13258078540 从忆梅 3
8983 13287697657 常宏 3
8985 15890926761 关志芳 3
8988 13508965289 于星明 3
8989 13964671750 徐晓利 3
8997 13507630679 赵胜利 1
8999 15964696826 王田花 3
9015 15634504363 谭阳 3
9028 13603948096 朱艳萍 1
9031 13525296851 高爰红 3
9032 15729255088 高乐 3
9034 13569836660 郑海波 3
9039 13937922352 李鹏飞 3
9042 18637771517 刘超 1
9054 13838649968 魏珂 1
9055 13783696866 杨小霞 3
9060 18103853901 王玉博 3
9066 15637985666 董迎飞 3
9074 18695800955 董洪杨 3
9086 13213170607 郭继山 3
9089 13916672072 王宇 3
9095 15515874203 吕品 3
9096 13839541777 陈爱云 1
9105 13613866337 郝岚岚 1
9110 15803895268 丁斌 3
9113 13949923988 高效远 3
9116 13663950666 王磊锋 3
9128 13083891647 吴广彪 3
9129 18639354322 楚安豹 3
9130 13503755699 李爱军 1
9131 13030318869 伍金水 3
9132 13750896400 苌晓峰 3
9134 13080109760 张金花 3
9135 13939358499 袁建龙 3
9136 18639308759 亢合娟 3
9161 13518978787 郭营莉 3
9178 18339379066 王镇江 2
9184 18103748659 周慧景 3
9250 13592276096 孔辉 1
9255 15290076816 杜瑶瑶 3
9268 13523474288 樊晶 1
9275 13619898622 叶艳华 1
9277 13781219999 汤巍 1
9298 15603998979 苏小红 1
9303 18236975208 赵婷婷 1
9330 13069592222 张新恒 1
9332 17639535685 张豪 3
9356 15937443333 张志伟 1
9396 18503865666 信婧伟 3
9402 13083962967 袁建党 3
9415 13507680019 李海霞 1
9427 13033962227 易景 1
9429 15138291212 马赛 3
9440 13838667799 童建军 1
9443 13903879559 王耀文 1
9444 15137120212 丁广垠 3
9464 13643795806 李淑好 1
9491 17739070999 刘培莉 3
9494 18637173775 魏文博 1
9501 15238340654 邢壮 3
9504 15836130521 郝丙鹏 3
9507 15978361099 巴黎明 3
9508 13503942222 焦卫霞 1
9529 18637134881 程龙 3
9577 13703947777 杨秋杰 1
9585 18790096906 邱翠 3
9598 18618299082 李慧 3
9604 13373972993 张拥群 3
9605 13903765359 陶思宇 1
9610 18637178005 张杰 3
9611 13939880012 陈玉东 1
9613 13939820670 宋国平 1
9626 18736063657 裴阳 3
9629 13462002671 史志涛 1
9636 13837768066 张昕 1
9647 13839669199 梁勇 1
9652 13838119091 李超 1
9673 13017698858 袁淼 3
9684 15937781008 赵华清 1
9686 15838310696 陈亚 1
9691 13837788559 勇媚 1
9697 13803948872 龙中民 1
9703 13838550388 田渊 3
9707 13733173185 王雪萍 3
9714 13938329788 郭志稳 1
9724 13939706561 柏孟仁 1
9780 13603835608 杨 波 3
9787 13886330727 李昭 3
9843 15939205361 卢华敏 1
9893 15937991588 张振强 1
9910 13526812676 李双辉 1
9919 18903717860 李乐乐 1
9922 13526515390 崔筠珂 1
9938 13939658779 孙石 3
9947 17603926111 郭进栓 1
9983 13253497950 冯意 3
10002 13938323116 王晓云 1
10003 13525633479 丁亚中 3
10005 13803889248 钱炳亚 1
10007 13513907311 韦慧丽 1
10019 13523015622 王艳 1
10030 17603901119 王佳欣 1
10036 18736871258 朱彩玲 3
10037 13838919652 成小波 3
10041 18639975126 何伟 3
10057 13939361988 武继红 1
10086 13603439565 夏爱超 1
10100 18539303999 杜会娜 1
10102 15090287777 庄艳艳 1
10108 13938302965 彭辉 1
10111 15039359992 赵茹 1
10114 13721771719 孙玉琴 1
10121 15937202407 冯国巍 3
10138 15639138150 段彦彬 3
10139 18603890078 王豪 3
10147 13937009118 姜献忠, 3
10158 15838287505 李晓飞 1
10167 15039497777 梁宗杰 1
10174 15938788288 李映武 1
10181 18239440688 马祥飞 1
10195 15994066666 雷雨 3
10218 13937078878 李军辉 1
10221 15890729007 苏大奎 3
10230 18438069999 刘芳 1
10252 15993722222 王玲玲 3
10272 13569763266 李玉峰 1
10276 16938176403 冀晓静 3
10302 13603958676 赵晨希 3
10312 15936913999 陈向红 3
10318 13803702160 蔡颜励 3
10320 15225566571 胡志强 1
10326 19903926010 张琳 1
10331 13503841337 何欣 1
10339 13838277855 苏湲 3
10344 13523950027 王艳芳 1
10352 13069590666 王磊峰 3
10357 15638883888 杨劲祥（杨晏） 3
10366 18538933916 王新立 1
10389 13703922370 胡晓宁 3
10398 18339087000 徐小霞 3
10421 13938112240 冯璇 1
10431 18538702058 师伟强 3
10440 13832371950 王淑娟 3
10455 13939520006 程琳 3
10456 13839564222 詹广华 3
10486 13939678366 刘萍 3
10498 13607661208 欧阳宗旨 1
10512 18737451166 万春菊 3
10519 13273818828 唐海凌 3
10544 13839841100 王  栋 3
10560 18638807456 姚琼花 3
10571 15893005391 占翔 3
10583 13849468899 施敏 1
10595 13721405270 王方方 1
10597 13803883667 刘纪仁 1
10606 13137991869 李燕 3
10610 13569828105 翟晓 3
10612 18638638766 李晴 1
10618 13462340725 秦慧丽 3
10630 18238652794 黄俊彩 3
10633 18003738887 季淑伟 3
10638 16637231197 曹语嫣 3
10645 13703824544 翟宇飞 1
10660 13903949666 李艳军 3
10665 15893869999 顿子漫 1
10680 15937176599 常玉娟 1
10684 13603718940 张旭盈 1
10687 13903713575 王艳玲 1
10688 15837120909 贺青 1
10700 13243350015 高飞 3
10702 13937118309 张向丽 3
10713 13203921118 卫宗升 1
10716 15660728222 顾沛玉 3
10737 15036690069 孙静 1
10746 13838916353 季春风 1
10759 18749769111 许艳萍 1
10817 15803916705 顾文萍 1
10835 18003719130 王培 1
10842 13839418861 李亚囡 1
10847 13525505773 苏钟垒 3
10855 13938145822 商治国 3
10863 13939185254 郭秋林 1
10867 18037420033 杨小伟 3
10877 18839124689 何微 3
10884 13781269999 何朋朋 1
10890 15603942666 孙安军 1
10901 19903940328 程政挺 3
10919 13613710852 赵继红 1
10959 13703484720 乔红生 3
10961 13526100834 阎亮 1
10964 18503968898 霍豫红 3
10975 13723081699 魏颖 3
10976 15939231375 安琪 3
10978 13728180988 赵纳 1
10985 13525660066 周朝红 1
10997 13526726859 马俊丽 1
10998 13733665000 周会萍 1
11001 13569193033 牛东燕 1
11020 13783779878 徐乐 3
11027 13839620766 徐春华 1
11049 13903869995 罗安华 1
11052 18638728777 马新春 3
11062 13938047627 仝成 1
11063 13903948568 高峰 1
11083 13653778831 向磊 1
11095 18538070777 吴执正 1
11099 13603863863 陈秀芳 1
11107 18501010700 楚雨任 3
11108 13949139035 杨晓玲 1
11119 13653807615 朱树娅 3
11139 15890195888 张濮鑫 1
11142 13503711990 贾昂卓 3
11146 18736668888 满飞 3
11151 18638739237 王鸽 3
11154 16603818997 裴兰秋 3
11169 15637102880 郭世伟 1
11170 13503706753 崔灿 1
11178 13623759357 叶贯峰 1
11180 18135606669 刘迅 3
11181 13569109384 乔海庚 1
11186 15203926543 王晓灿 1
11190 13939700891 孙红霞 1
11191 13837449869 刘文英 1
11210 13837707666 王宇 1
11222 13613958888 曾小峰 1
11234 13592689590 张盘根 1
11247 13781228676 李彩红 3
11255 15303951687 陈金良 1
11256 13613778989 杨惜土 3
11258 15903770009 杜晓明 1
11260 13838149340 王运增 1
11263 13703716167 桂涛 1
11264 13523176888 张瑾华 1
11273 13837270911 雷海峰 1
11281 15603941975 栾永刚 3
11293 15286808880 高春红 1
11299 15333889899 王娅芳 1
11301 13383889709 吴咪苇 3
11303 13525958456 张克强 1
11326 13503814805 张本平 3
11335 13663956687 刘永杰 1
11337 13838725888 宋海良 1
11338 17837711888 张振 1
11342 15036788667 龚佳灵 3
11351 15518187979 王子涵 1
11354 13783777766 毛宇 1
11363 13592220368 张玉杰 1
11373 13598828513 李霞 1
11378 13939816623 王朝忠 3
11380 18803928822 乔思玉 3
11387 13603869053 李婉 3
11389 13569281633 苏龙月 1
11395 15037410019 李红利 3
11397 15838150170 彭雨怡 3
11408 13523709889 陈丽芳 1
11411 13849614670 张昊焜 3
11421 13838886881 孙利艳 1
11426 13903914285 艾小瑞 1
11432 15518960768 孙艳 3
11438 13839139207 冯笑笑 1
11440 15939119632 韩芳 1
11443 13937347108 张瑞君 1
11446 15136211103 顾子岩 3
11450 13903720320 李金顺 1
11454 13837314898 张玮 3
11470 13781636100 胡建峰 1
11483 15202487684 梁海顺 1
11485 15638213541 王洹波 3
11486 13663005253 洪刚 3
11489 15890188008 孙丽英 1
11496 13937288650 许长银 1
11499 15517563828 赵静 1
11501 13783657678 蔡晓丽 3
11510 13937020811 刘亚丽 1
11521 18737761539 王冬梅 3
11527 13526601225 潘晓卫 3
11528 15903775988 王悦 1
11548 15239949999 王慧 3
11560 13333811763 闫艺文 1
11566 18662703658 龙虎 1
11569 13838400002_delete 薛瑞霞 2
11574 13526835202 李亮 1
11578 13837552610 由杰红 1
11579 13939508299 王宇哲 1
11586 18638017255 孔龙 1
11587 13903869854 姚万峰 3
11589 13903718848 商薇华 1
11592 13803824113 郭子磊 1
11607 13598899991 魏明子 1
11608 13821749152 陈四强 3
11611 15837111888 刘景桐 1
11612 13383857754 冯俊敏 3
11619 13937255300 程艳斌 1
11633 13803862003 范芳芳 1
11636 17611296836 裴丹 3
11648 18539345858 贾艳红 3
11649 13569133000 马有文 1
11665 17502196963 李唯真 3
11668 15537153829 朱黎明 1
11672 13643718800 王君 1
11679 15838302277 魏海鸥 1
11681 13838923528 席练武 1
11682 13700728517 王学信 1
11683 13683769613 翁莉 3
11692 15937266298 苑恒飞 1
11694 15238169088 袁悦 1
11703 15136123247 魏伟 3
11704 18037175236 王辉 3
11705 15515654291 吴宝新 3
11710 15637500366 陈艳君 3
11719 13137099786 杜守东 1
11720 15838628888 柏林 1
11731 15003778118 邢冬朋 3
11750 13939353258 张运泽 3
11770 15737902789 宋辉 3
11771 15737181810 王铮 3
11779 13939190019 王海波 1
11802 17760749601 韩冰 3
11807 13938100123 曲长青 1
11812 13253492888 郭娱孜 3
11820 18697371660 安时雨 1
11822 15236834226 白力文 3
11826 18736011123 张国东 1
11827 18637158210 王建伟 1
11828 13938525677 刘梦婕 1
11837 13838330729 刘志 1
11849 18603719933 刘晓圆 1
11852 15937121888 李燕 3
11855 15938770868 刘玲 1
11858 13937197977 王小娅 1
11877 18339801768 蒋瑞娜 3
11878 16650235399 毕天炬 3
11879 13707648901 郭立 1
11883 17516738877 魏进省 3
11887 13569451186 常中杰 1
11899 13507639526 王庆栋 1
11907 15238398899 石进步 1
11909 13938721784 康露 1
11916 13608451990 马成林 1
11925 13703823109 胡峰 1
11931 13937789901 秦义峰 3
11941 13608456787 穆大会 1
11949 17629362405 李豪 3
11952 13939080069 章丽 1
11956 13592606088 魏艳艳 1
11957 13838177797 李璐璐 1
11958 18638147320 杨鑫 3
11962 13703827171 方海江 1
11979 13838509658 肖冬浩 3
11984 13525598888 张永安 1
11986 18638122233 吕亮 3
11999 15137188316 马亚娟 1
12000 13460008667 蒋浩杰 3
12005 13803836456 王季平 3
12007 13507600738 朱凯 1
12010 13333933159 何立红 3
12017 13513863226 许静 1
12021 13783557609 刘永平 1
12027 15303771888 陈义魁 1
12033 13526861199 胡晓蓉 1
12037 13903933079 何立红 1
12050 18538321888 李长春 3
12059 16637127787 耿淑会 2
12092 15839683398 魏新生 3
12102 18530802777 陈夏 1
12103 18539300008 苏荻 1
12112 17752591919 王志立 3
12115 15037678888 陈鹏 3
12121 18939317529 王艳莉 1
12123 18003935798 贾彩虹 3
12133 18768861366 周迪 3
12147 13598115778 许永军 1
12156 15538621118 王雪艳 1
12164 18639938120 朱瑞华 1
12167 13503830188 陈胜峰 1
12173 13155665555 李昱良 1
12176 13939435966 何怡靓 1
12184 13839426369 刘华玲 1
12185 13603720909 张跃峰 1
12186 13598265889 马杰 1
12189 13525880777 王双 3
12192 13837913999 崔苹苹 1
12193 15603870599 徐加俊 3
12195 13598727857 张艳 1
12202 15539995888 李应征 1
12203 18237328651 徐俊德 1
12204 13939550888 黄雪敏 1
12205 15903715006 徐丽 1
12211 15239902345 竞军辉 3
12215 13523750333 张彦惠 3
12216 17105880555 杨小磊 3
12217 18039916958 张笑立 1
12219 17090629999 王珺琦 3
12222 15516866777 李恒林 3
12226 13403742204 杨森 1
12263 13838506017 刘会民 1
12265 18037890333 张宏杰 1
12266 15638858666 陈磊 2
12269 13937121780 陈敬明 1
12273 13243250537 刘连珠 3
12276 18637750806 张敬党 1
12278 18839138855 刘春灵 3
12281 18137200503 唱志军 3
12286 15515552888 姜永胜 1
12305 13938293716 王道勋 1
12317 13693833114 张超纲（张容与） 3
12321 18530866666 刘杰 1
12328 18638876262 范丹辉 3
12344 13639669332 姚明杰 1
12347 15136401236 冯垚标 1
12349 18637177099 钟丽 1
12354 18239594599 刘大华 1
12367 13938821279 陈庆英 1
12368 18837777588 刘渝平 2
12371 13839597277 王国浩 1
12372 13526679090 康丽红 1
12375 15824989999 庞恒智 1
12377 13592617878 郑会莉 1
12378 13700819666 张志军 1
12383 13333898822 韩国红 1
12393 15839590555 刘明 1
12409 13838380018 王敏 3
12413 13673716186 郝晓晋 3
12414 13949016801 苏燕 1
12423 15838001295 曹冉 3
12427 13938513159 马晓东 3
12432 13607644176 张晓玉 3
12436 18637184835 段梦琳 1
12437 13526967379 张意川 1
12445 15939238885 周珊珊 3
12452 15603725888 靖守奎 3
12455 13703960851 刘国良 1
12462 13903932776 李杰 3
12464 15938860000 项正杰 1
12472 13503918583 闫先锋 3
12482 15039138058 张正兴 1
12484 13949122277 王迎财 1
12487 18603919001 陈阳森 1
12488 13939102891 张巧云 3
12489 13838372260 张梅娟 1
12490 13782623136 李胜利 3
12493 13938192589 石秀珍 1
12495 15137065991 李娜 1
12498 13838929227 郭黎明 1
12499 13937036898 李雯 1
12501 13937707076 李秋平 1
12508 13782198816 李霞 1
12511 13598357008 刘红梅 1
12521 18837311666 母玉华 1
12546 13526729474 张燕 3
12551 18837712888 陈阳 3
12557 15713671622 任高峰 3
12561 13613816773 陈鹍 1
12568 13838945610 赵娟 1
12582 18503831160 柏翠微 3
12583 13838580176 袁保琴 1
12584 13525788886 董灿 3
12585 15939728583 秦德友 3
12587 18637111663 郑丽 3
12589 13603915351 朱圆圆 1
12597 13839916919 何燕 1
12601 13462369186 孙学斌 1
12602 13703869683 关书順 3
12603 13503817677 王俊 1
12614 13937332255 段德夏 1
12633 15039191611 田丽丽 1
12635 13838931193 任有旭 1
12639 13703815321 张旭强 3
12644 15515610999 刘俊霞（刘霞） 3
12663 18638905131 孔祥溥 1
12670 18339328282 仝秀秀 1
12671 13619866392 刘旭霞 1
12675 17772837778 金莉 3
12679 18695988111 张德龙 1
12680 15660046666 张舵 3
12683 18637770777 曹焱 1
12694 15515903888 张丙军 3
12697 13525309086 田艳伟 3
12706 18539617188 杨梦乐 1
12728 13839303801 张宗彬 1
12737 18860362999 霍丹丹 1
12739 18339396833 翟建利 3
12752 17539352567 郭宪辉 3
12756 13603741588 高瑞琪 3
12760 15903728398 霍贵娟 1
12766 18638575115 Julia 朱孟华 3
12770 13673726979 刘华琳 1
12771 13838167234 郭鹏翔 1
12775 13030339306 马羽 3
12778 13673798234 韩靓 3
12781 13939877905 刘飞 1
12783 13938828113 李旖旖 3
12787 18838288281 薛芳 3
12797 13603980885 杨媛媛 1
12808 13623791958 甘哲 1
12813 13838293031 王志刚 1
12814 13937741696 余怀坡 1
12818 13837202766 郭利红 3
12822 13782887088 贺晓明 3
12823 13938533162 冯锦珂 1
12838 13937423251 武志伟 1
12840 13733670888 吕瑞雪 1
12844 13503712015 耿胜利 3
12845 13781389277 郭建光 3
12847 13803740658 申淑敏 1
12848 13733715809 张英豪 1
12853 15539356177 翟红伟 3
12854 13592007626 王彦红 1
12860 13703741234 纪剑桦 1
12861 18338357888 时有安 1
12872 13623991988 闫建正 3
12889 15838829277 胡婷婷 3
12890 13903950396 李红（漯河） 1
12899 13938176127 李晓艳 1
12904 15037179058 宋丽琴 3
12908 13938037373 王玉胜 1
12911 13507676685 李新合 3
12912 13603765756 陈昌梅 3
12924 13653993023 王连文 1
12928 13839221696 张金凤 1
12943 13839656918 马群力 1
12955 13939010002 姬娟 3
12956 13733898336 米娜 1
12964 15837181356 李建新 3
12968 13937125578 王峰 1
12970 13383965666 韩涤镛 1
12991 13939821690 秦亚新 1
12993 15639460826 徐彤 3
13009 13903891508 郭卫成 2
13012 15803707168 徐霞 1
13017 17539386666 王志康 3
13021 13507676501 王雪荣 1
13025 18639876677 肖全锁 3
13042 15837736999 张允峰 1
13045 13803756968 王德银 1
13049 13663935557 温桂林 3
13052 13991817135 梁运生 3
13057 15139553711 曹烈 1
13062 13903935937 于长华 3
13064 17639320555 刘香莲 3
13066 13803932888 王利松 1
13069 13781398808 窦发亮 1
13070 15303931116 马春成 3
13078 18037868656 孟俊奎 3
13079 15993821001 郭艳萍 3
13091 17637123668 范潇文 2
13122 13903880376 王巍 1
13126 18503713968 徐国建 3
13129 18739605558 张磊 3
13134 18595500011 徐明亮 3
13145 15038003482 李霞 1
13147 15136500609 贾培 1
13157 13603720031 冯捷 1
13158 18037376999 刘福胜 1
13161 13303757723 周丽 3
13165 13939327618 李喜梅 1
13168 18637174888 吴登碧 1
13173 13603959996 郝烽 3
13175 13383957236 王军刚 3
13187 15537197588 冶鹏远 1
13188 13183338681 王宝奇 1
13189 13803879269 刘宏 1
13190 13462002957 王新显 1
13193 15839836555 董海洋 3
13196 13569700777 任祥霞 3
13207 15837006822 赵楠 1
13220 18639992699 李学堂 3
13224 15738581669 陈杰杨 3
13230 13603407667 尚红英 1
13232 13183001159 张冠领 3
13239 13839349508 郑子宽 3
13243 13903714358 马旒祺 1
13246 16639312666 李保安 3
13248 13592050222 张利锋 1
13255 13513925960 赵素敬 3
13256 13592178215 赵伟 3
13257 18937704888 刘新伟 1
13263 13782487777 肖丽 1
13273 18625557775 张爱梅 3
13279 13838788696 李泽荷 1
13282 13290929828 祝青 1
13293 18539166888 陈磊磊 3
13298 18738600567 高学言 3
13300 13837739866 张峰 1
13302 13903891988 李双玉 1
13304 15537299995 刘攀 1
13307 13633832588 王亚 1
13309 13525778869 石连伟 3
13310 19903937616 李彦光 3
13312 13213951234 毛羊焕 3
13316 18537161616 张冉 3
13318 18539317555 邢艳军 1
13341 15915374068 李萌 1
13345 15039311388 燕峰山 3
13354 13507606956 张鑫磊 1
13363 13598028358 张慧霞 1
13366 18017391247 王曼 3
13372 13721752010 张雨婷 1
13374 18638117577 曹小玉 1
13375 13523077201 郑瑞芹 1
13381 13384009104 申申 1
13398 15638885033 肖建波 3
13405 13837904637 朱红 3
13409 13503848723 戴武 3
13413 13837121551 张宏勋 1
13418 18595506057 季春艳 3
13419 13523001737 齐盛楠 1
13421 18703865587 徐丽丽 3
13422 13938561688 葛洁华 3
13423 13700863688 谭素晓 3
13424 13673357391 魏华 3
13437 13598882888 姜华 3
13439 15515937777 周均增 3
13442 18625311188 郝奇 3
13443 13523003565 李鹏 3
13444 18637181891 万受菊 1
13454 17760749610 王军 3
13455 15137111502 石高见 3
13473 13673365665 杨明杰 1
13476 13526393841 张豫 3
13480 17703747575 张二兰 2
13490 13526821666 赵志英 1
13491 18538166116 张艺 1
13503 13592676165 余霄霞 1
13509 13838779672 时瑞 1
13522 13838514167 张勤省 1
13527 18695859888 王涛峰 3
13528 15672800006 刘颖 3
13536 13569955369 穆娜 1
13537 13903749555 李相如 1
13540 13653808111 张鹏飞 1
13541 13703951819 付丽 3
13546 13370128901 李留伟 3
13547 13503775689 王校可 1
13555 13303778158 张明阳 1
13573 13903741285 张宏 1
13595 13271039999 陈艳霞 1
13603 13937143277 刘倩 1
13606 13503818689 王勇 1
13607 13903866139 马明涛 3
13610 15093193223 郎贞 3
13613 18838238555 王小娟 3
13645 13903813793 陈保军 1
13647 16637578768 李林超 3
13648 13700887766 常芳 1
13659 13303965333 李峰 3
13661 18939426398 段华磊 1
13664 18623712721 樊俊平 1
13668 13592610150 唐晓燕 1
13669 13674939880 张悦 1
13670 13603968030 杨衍朋 2
13671 13939673878 高全民 1
13683 18625618222 王绪根 3
13688 13523393808 武学功 1
13693 13837110553 王冬 1
13694 13803718489 王蓓 1
13701 18639619000 王丽娜 1
13708 13569827889 张保才 1
13710 13523858666 曹晋峰 1
13711 13603930318 汤波 1
13716 13839147531 张慧森 1
13718 13569196900 毛贤秀 1
13719 13782800327 贾国鸿 1
13720 15518917706 董元斌 3
13724 13838931017 聂春霞 1
13732 13700889110 张金海 1
13734 15539139000 李松 3
13738 13569181295 孙小素 1
13754 13837367383 陶玲莉 1
13755 13939860236 李建军 1
13761 15836279999 许艳玲 1
13764 13937698655 刘明月 1
13766 17716368981 陶灵 3
13772 13781666869 孙清华 1
13778 13781666300 李鑫 1
13780 13673382550 白许晨 1
13781 15978800600 郑瑞 3
13784 13223015996 郭翠翠 1
13786 13073767381 程卫国 1
13789 18003979999 贾林青 1
13797 15515622777 张晋博 3
13802 18639630628 周霞 1
13813 13837202822 赵欣 1
13819 17739003888 林柯辰 3
13824 18639703711 梅志厅 3
13830 13857149409 胡勇 1
13838 18638688688 何坚 3
13840 15036788168 杜利利 1
13843 13569692765 薛遂安 1
13846 13937749913 刘晓宛 1
13847 13903953663 左聪莉 1
13853 13937728185 毛诗惠 1
13854 15939489999 梁滨 1
13856 15937035755 任玉彬 1
13860 17703895877 杨杰 3
13861 13782307867 齐月菡 1
13862 18103897313 常志方 3
13863 13838905525 张姣玲 1
13864 13838949309 候元珍 1
13865 13598366600 孟军 3
13869 15936667662 王娜 1
13877 18538256777 高航 3
13880 18903759123 李萍 1
13884 13619839058 翟继红 1
13886 18637265334 李伟 1
13919 18623713688 王青 1
13936 13839932988 王安伟 1
13950 18637460019 李红利 3
13952 13937466768 周淑敏 1
13960 13733742281 邢晓静 3
13967 13838003926 田建威 1
13971 15603700111 许小民 3
13972 15037569799 余国坤 1
13973 13703406333 田新普 1
13974 13603859978 赵亚卫 1
13983 13939221986 杨萍 3
13989 18137815159 张宝生 3
13994 15729353888 杨瑞萍 1
13999 13707661709 李同保 1
14001 13938143696 刘仁容 1
14003 13503911700 许亚莉 3
14011 13503908636 赵文武 1
14019 18839805166 刘莉 1
14024 13903771236 褚清国 1
14027 13903775509 李峰 1
14029 13903933549 王士瑞 1
14033 13903911588 梁世保 1
14039 13525778666 张继红 1
14042 18838528506 张莉 1
14050 13782761500 王平 1
14060 17651733143 朱利兵 3
14062 15939501399 王雅阁 1
14067 13084261858 姜慧英 1
14071 13569678589 王红艳 1
14087 13523205555 尤建亮 1
14089 13603868558 赵睿 3
14097 15139409696 丁治亚 1
14099 13838948180_delete 崔红名 2
14106 13503700198 赵红 1
14108 15039799529 郑红玲 3
14109 13603437190 孙志群 1
14113 15838885999 靳峰 1
14115 13938006562 刘阳君 1
14116 13938810207 刘园园 1
14121 18837776777 陈运昌 1
14139 13849609525 李贺杰 1
14142 15903765999 张东 1
14143 18638991111 宋万月 1
14144 13683773752 李春华 1
14155 13937755777 胡洋 1
14161 15836882012 苗文杰 3
14163 13462680136 张珊 3
14164 15737937932 姜涵 3
14165 13703470165 赵利波 1
14169 18637226911 王文青 1
14173 13333986066 邵钰雯 1
14176 13600181066 李哲 3
14177 18137258888 郭爱军 3
14179 13939548888 武明立 1
14181 13603950526 刘洋 3
14185 13603920289 段志威 3
14187 15238023819 李云龙 1
14190 13839162039 葛晓霞 1
14204 13703968166 裴丽 1
14205 15838838100 张豪堃 1
14206 15839566622 牛宁超 1
14212 15544441766 张恒 3
14231 13939380818 陈凤英 1
14232 18539320333 胡艳玲 1
14233 13938320008 王长江 1
14235 18939383010 孟桂珍 3
14240 13673615777 田章留 1
14244 13838937889 石小霞 1
14245 15290380888 尹清鹏 1
14247 13837817161 王 萃 3
14252 13623881097 魏彩云 1
14255 16638661666 王迪 3
14260 13783327777 李岩 1
14263 15617812777 李亚丽 1
14268 13937102578 王辉 1
14272 15138829008 张冰冰 1
14291 15617681357 段昭阳 3
14295 13603982699 王铭仪 1
14300 13383828855 蒋鲲 1
14302 18638851600 王冬 3
14305 15037001089 冯赟 3
14312 18037665678 张曼 3
14317 18638711119 何玲玲 3
14320 18613709991 杨小辉 3
14331 13503728535 刘文峰 1
14337 15503955555 张磊 1
14355 13839666298 曹斌 1
14356 18937116983 李仕鹏 3
14357 13333885637 彭伟 1
14359 15838907155 王莉霞 1
14361 18137793339 赵海洲 1
14366 15138958555 林一鸣 1
14373 13703966826 周保华 1
14380 13938857128 吴硕民 1
14389 18595515999 郭源 3
14403 13837182333 刘颖众 3
14411 13937707791 马天寿 1
14412 13839549505 柏凤霞 1
14418 13903799207 郑丰 3
14431 13803816190 罗建强 1
14433 13939091629 李治 1
14435 13803822776 刘权威 1
14437 13507639886 陈献东 1
14439 13937709317 崔菊 1
14440 13303708828 罗言成 1
14442 13598392600 谢宇明 1
14445 13781677788 吴红艳 1
14448 13653828939 李玲 1
14451 15939562606 侯瑞霞 1
14452 15939591799 王丽娜 1
14455 18637778555 魏征 3
14467 13838157049 吕闯 1
14472 15603716969 郭贵星 1
14473 18565776725 鲍先兆 3
14484 13513852888 范丽 1
14485 13703855088 （黄亚丽） 3
14491 13607685687 马青元 1
14497 13525012100 李模凯 3
14504 13303751900 刘校双 3
14511 18537163333 赵军 1
14512 15036034343 张东奇 1
14514 13611663561 杨柳 1
14516 13937499128 陈旭 1
14517 18637441919 马俊超 3
14518 18539976615 杨荣 3
14520 13707601976 张一 1
14523 13903879296 孙向阳 1
14541 18639490966 雷铁梁 1
14547 13603918508 胡小平 1
14550 13598100088 乔震 1
14553 18837691111 杨健 3
14559 18749791999 弓小燕 1
14560 17639186667 任万千 3
14563 13503916869 申伟杰 1
14566 15037166722 戚永刚 1
14567 13903707983 韩志强 3
14568 13592309998 杨海涛 3
14578 15136890001 万晓静 1
14579 15993983666 胡丹 3
14582 13839666664 文会伟 1
14590 13839031577 陈忠良 1
14591 13938378888 彭盛楠 3
14595 18338501999 陈丽 1
14597 18790178333 杨学成 3
14614 18903713128 许晓帆 1
14621 13949887567 荆磊 1
14624 13517262936 陈小强 3
14625 15515289088 陈清明 3
14630 18337676099 万玲 3
14634 18537786888 张新朋 1
14637 15890508888 徐中华 1
14640 13903779871 张玉献 1
14644 15137976668 马梁 3
14648 13839197959 许国祥 1
14652 18338938633 高原 3
14658 13939237736 吴学旭 1
14660 13938059550 皇玉琴 1
14663 18837728899 顾晶 2
14665 13689197710 樊军安 3
14670 13803952929 李世红 1
14671 13503726768 李卯 1
14672 15639597985 胡琼怡 3
14675 13937755928 任金山 1
14676 13623729572 任晓敏 1
14677 13803777106 裴雯 1
14678 13903913368 张建华 1
14683 15514722687 王鹏 3
14684 15890212576 陈芳亮 3
14686 13803708899 宋景魁 1
14687 15201220458 武马 3
14688 15603959007 崔艳红 3
14689 13949906668 曹继红 1
14691 13803701805 侯京华 3
14693 13603709768 李北凯 3
14694 18569913500 王燕 3
14695 15003831670 张文文 3
14698 15236800009 徐铭璐 1
14699 13937022970 戚好敏 1
14700 15137066666 江文朝 3
14704 15239939999 温新峰 1
14705 13569328887 谢卫争 1
14715 13503940603 史树民 1
14716 18837088888 方辉 3
14717 13838669867 李智敏 1
14722 15603710999 田国华 1
14725 13525010777 芮红 1
14726 13803775986 李忠志 1
14731 18625610111 刘国印 3
14733 18736666888 周普 3
14734 18637791666 段红霞 2
14735 13663860062 郑伟勃 1
14736 13839559919 张艳平 1
14737 13193936666 陈国平 1
14739 13569325151 丁艳红 3
14741 13733959999 杨涛锋 1
14749 18137899968 马杰 3
14751 13703920168 卢玉东 1
14752 13903779000 柏笑峰 1
14754 13938238888 张翼 1
14757 13903892265 王新建 1
14762 13903715767 郑满池 1
14766 13526737788 洪敏凌 1
14767 13598816372 雷云峰 1
14773 13838928788 卢忠明 1
14774 13523450777 赵万仓 1
14775 15617902390 智伟 3
14777 15639731888 荆炎生 1
14778 15538382208 张猛 1
14779 13803852197 张全利 1
14780 13137731888 郭廷放 1
14783 13938260188 申亚伟 1
14784 18638588981 梁红星 1
14785 18638287367 胡建红 1
14786 18336317885 刘慧 3
14788 13503458598 袁孝锋 1
14789 13838555711 张晓瑜 3
14794 13598005557 刘亚明 3
14797 15839829723 孟勇 1
14802 13598899210 杨夕 3
14806 13803770900 杨春亭 1
14810 13903873288 李庆文 1
14811 15838669766 王飞跃 1
14813 13838366006 陈文超 1
14815 13723029999 刁仁庆 1
14822 13703778125 张伟 1
14823 13703950001 周江涛 3
14824 13903777090 许连泽 1
14831 18736007959 焦贺 1
14841 13703921119 马智贤 1
14848 13700721999 张濛 1
14851 15670609008 薛露 1
14852 13526652010 杨丽娜 1
14854 13783633123 张华杰 1
14864 13523666616 张航 1
14867 18638285959 张玮 1
14872 18639013331 李蕴珍 1
14874 13839511055 康艳丽 1
14880 15936588881 曹峰 1
14891 15238619696 杨圣中 3
14895 15236020000 张振川 1
14898 18637777533 李发奋 1
14900 18595885797 杨苗苗 3
14913 13526255999 夏红义 1
14915 18638269881 段鹏霄 1
14921 13838860333 王文飞 1
14924 13803836685 韩玉荣 3
14930 15639986688 孟宪宇 1
14933 18237026999 程凯 2
14934 13839061961 王历彩 1
14939 13598032503 陈硕 1
14944 17698588989 江子怡 3
14953 15010000060 李蕊 1
14964 13803973826 苏军诗 3
14967 18838262223 王琳 1
14968 13603980056 曹继娇 1
14974 13333840399 万勇 1
14975 18638269712 吴晖 1
14980 15839985888 岳俊生 1
14983 18637138077 方浩 1
14987 13949331431 王玉君 3
14993 13838123044 王俊霞 1
14994 13803711861 郝永飞 3
15000 13937717787 欧阳鹏 1
15009 18638996922 张智先 1
15012 13838320001 李东杰 1
15015 18603938393 杜伟 1
15018 13733825752 周新永 3
15020 19937033999 郭照原 2
15024 13607647888 満丰 3
15025 13803894988 杨林 1
15026 13938516789 钟剑 1
15029 13276907188 潘深练 3
15035 18937111168 陈立忠 1
15037 13803738139 马茹 1
15045 13903865328 程萌 3
15047 18695863999 徐新江 3
15048 15538147799 牛庆民 1
15051 15937887777 郭彦华 3
15052 13603713663 洪骋远 1
15061 13598877708 张荣照 1
15069 18939528886 李辉 3
15070 13703924627 刘长荣 1
15080 13525284060 倪纪涛 3
15082 18624913564 陈艳丽 3
15084 13903862940 栗红 1
15103 13393918056 杨斌杰 1
15123 13838989688 王今英 1
15128 13937749959 李建萍 1
15134 18037666678 朱占伟 1
15140 18903751157 张坤阳 3
15145 18537360995 刘富中 1
15146 15333887888 刘华丽 1
15149 18603755123 赵丹娜 1
15150 13903854987 姜魁 1
15151 13673668685 杨凯 1
15155 13633862930 王炜 1
15157 13803852369 田长林 1
15158 13803822222 王春燕 1
15159 13700888354 安军民 1
15161 13703757876 谢继红 1
15162 18837501066 李永军 3
15163 13703759006 刘延庆 1
15172 13603710066 师瑞 1
15176 15803719111 李丹丹 3
15180 18703990161 王俪蒙 3
15187 15737127111 顾红艳 1
15195 15303878488 金剑新 1
15196 15136158888 王玉晓 1
15199 13503710303 苏宇宏 1
15200 13803844659 姜幼军 1
15202 13523213799 丁云 1
15203 15803868585 孟猛 1
15205 18638581111 郭书印 1
15207 13838133866 张东建 1
15209 13323716628 张瑞新 1
15212 13592608685 李辉 1
15216 13526598917 杨俊伟 1
15217 18503859158 王天奇 2
15219 13526775512 张燊辰 1
15223 15093223555 韩亚隆 1
15225 13979909999 屈莉君 1
15226 13903846812 张勇 1
15228 13937131188 王淼 1
15229 13837115899 赵卫 1
15230 13937170022 杨超 1
15231 13838236868 王伟 3
15232 13783508878 张黎明 1
15234 15600188880 刘博焘 3
15236 13837107795 段娜 3
15237 13653979896 张景玲 1
15238 13903712366 胡瑄 1
15240 13383716672 席岳 1
15242 13598036616 葛永军 3
15247 13383810233 马红艳 1
15251 18639555521 曹华丽 3
15254 18638787656 陈静静 2
15258 15737316166 苏磊 1
15259 18616676656 贾贯中 3
15261 15225103123 米媛媛 1
15267 13949062886 于显奎 1
15268 18638711118 刘占江 1
15281 15886733999 张平生 1
15283 13838615806 李雪华 1
15287 13937135332 宋博 1
15290 13526597953 余卉 1
15291 13803816707 崔海洋 1
15294 15515515007 陈莉萍 1
15295 13703920849 王冬梅 3
15305 13903867512 王静 1
15316 18638668170 张中顺 3
15322 13703928928 许贵格 1
15323 18637107078 杨慧娟 1
15330 13937927019 郭鹏涛 1
15340 13598033808 杨明耀 1
15346 13526594444 檀建超 3
15352 18903946689 彭道远 1
15362 13937240733 王海涛 1
15365 13603720435 宋春成 1
15367 13523320378 程和平 1
15368 13503864499 闵闵 1
15369 15938880099 崔长敏 1
15377 13673383333 张鑫 1
15379 13903778156 郭学义 1
15382 13838716186 翟海田 1
15384 13703778585 李忠宇 1
15385 15837798119 张国辉 1
15386 18937768887 刘德会 1
15387 13937161111 吴洪鸣 3
15388 13903816298 崔永刚 1
15396 15637029570 王慧 3
15404 13839661189 位雅 1
15405 18603779701 何垚葳 3
15417 13937610099 余宏波 3
15418 13598416889 许会战 3
15419 13598756689 刘鹏龙 1
15424 18639867000 蔡晓波 3
15425 13903988960 武如仓 1
15431 13849811807 祝洛洛 1
15435 13903756650 周华 1
15437 13683707788 智勇 1
15438 13938972163 郭延铜 1
15442 18637761818 白立强 1
15443 17837712777 裴桂荣 3
15448 18595885795 曲格 3
15450 15838933322 高燕 1
15451 13569185567 王东 1
15453 13903918701 宋伟 3
15454 13619853205 王春梅 1
15468 13721493134 韩娟 3
15469 13137174451 李义明 3
15473 13569187736 黄文胜 3
15475 13838916219 陈军 3
15480 13837310777 张春兰 1
15488 18639379700 徐正军 3
15489 13837166751 张铁军 1
15492 15003717777 廉海杰 1
15496 13903850368 王宏章 1
15499 18903956789 赵帅 1
15501 13937809999 毛伟 1
15503 13803780089 赵磊 1
15516 13837581919 王明伟 1
15519 13353751055 宋国富 1
15529 13609009122 齐胜利 1
15531 15517171966 赵丽 3
15532 15303958888 姜军义 1
15534 13733963566 李根山 1
15543 13783009000 李树勇 3
15544 15839284473 常克 1
15546 15565555666 杨秀文 1
15547 13803920999 张焕勤 1
15548 13939222015 李利 3
15549 13939266073 周秀玲 1
15552 13837165886 曲利华 3
15557 13653923333 王海 1
15562 15639245678 侯剑锋 1
15564 17339398789 李慧 3
15570 18625640117 王庆陽 1
15576 13513921591 朱政福 1
15577 15936915671 于美荣 3
15580 13526277166 陈勇 1
15585 13513875672 吴豪 1
15586 13783610679 张岩 1
15588 13608686841 陈婉竹 1
15589 13592509850 刘嵩 3
15590 13937160551 洪力 3
15594 13938373636 付振凯 1
15595 13193700118 李秀云 1
15601 13723067888 熊建伟 1
15608 13937166166 潘克君 3
15609 13903713934 赵秀梅 1
15612 13674994571 赵峰 1
15614 13903715880 孙峰 3
15616 18637160999 李花满 1
15619 18037379357 师国峰 1
15623 13837166604 李喜霞 3
15634 13598565777 徐爱国 3
15636 15837101536 余琳 3
15637 13526686161 王瑞雪 1
15638 18697335333 董涛 1
15639 18603980016 刘立群 3
15647 18637908777 孙利洛 1
15649 17633719500 汤云龙 3
15650 18637670156 赵奕 3
15651 13937645001 黄真合 1
15653 18790467277 邢学军 3
15660 18638506888 曹铁逊 3
15661 13937102826 张莉 3
15662 13837118918 申自华 1
15664 13803824117 邵冬丽 1
15669 13253588888 王凤枝 2
15670 15039818888 单文晓 1
15671 13803719077 赵天琦 3
15673 18838163888 郭慧琳 1
15674 13938811991 李寿彬 1
15676 13838152719 刘晓晖 1
15678 13937103365 田艳军 3
15679 15638132999 赵子旭 1
15683 13939703343 万千 1
15686 13603719881 陈德俊 1
15690 13603818910 任保善 1
15691 13323660333 蔡旭光 1
15694 13839857658 禹吉南 1
15696 13703719828 周会增 1
15698 15639817777 来宏玲 1
15714 15703719777 王茂勋 2
15716 13903919903 直春英 1
15718 18603911533 陈远 1
15726 13783931636 李训峰 1
15727 13781369166 刘培华 3
15729 13939315556 王华锋 3
15731 15639306363 刘昕 3
15734 15039358888 黄书宽 1
15737 18601936685 王永刚 1
15741 15803945678 段居伟 1
15745 13838910008 王富胜 1
15746 13203918788 刘广伟 3
15749 13938178537 赵建设 3
15753 15837324985 刘晓燕 1
15755 13137322683 王玲 3
15759 13903730278 任爱国 1
15760 13939999994 焦万里 1
15761 13503729488 闫开明 1
15762 18803724008 徐忠伟 1
15763 13700723667 吝瑞明 1
15766 13903720666 李刻苦 1
15771 13838931680 党婧 1
15773 17603933799 许增记 1
15774 13903920392 文海宽 1
15777 13903922298 秦青林 1
15779 13707660800 鲍慧清 1
15780 13343925550 陈爱强 1
15784 13803922126 邢凤英 3
15786 13937269839 秦红军 1
15790 13803769956 许晓明 1
15797 15203977666 郝海霞 3
15799 13937698978 罗书模 3
15801 15637911389 徐涛 3
15807 13838873739 白洁 1
15820 15939106311 刘云峰 1
15824 13569110011 王珂 1
15832 13938287527 包志强 3
15839 13938845418 王健 1
15842 13598178359 盛葳 3
15844 18637984892 胡少华 1
15853 13903881517 李金林 1
15856 15937933522 王瀚彬 3
15863 13598202233 刘海江 1
15864 13213368161 宋胜 2
15867 13703742686 槐顺强 1
15883 15939979778 杨冠豪 3
15893 13507613777 沈光明 1
15909 13598229572 李天有 1
15910 13837706999 张哲 3
15913 18737059908 杨莉 3
15915 18837777477 张印 1
15918 13783311919 贾纯粮 1
15919 13782783991 成丽梅 1
15920 13838936365 王爱国 1
15922 13838929989 李红香 1
15924 13569677588 肖凤阁 1
15925 13903758868 李鹤 1
15926 18003776677 邢小平 1
15936 18603758777 赵明昊 3
15937 18937553888 陈云飞 1
15943 13703873960 王新春 1
15949 15836299169 周云昌 1
15954 18137680007 喻建朝 3
15956 13707690077 赵西方 3
15958 13938178668 王小军 1
15959 15993709595 郑彦君 1
15960 13838929138 徐红艳 1
15971 13938101619 于艳春 1
15976 13838417353 郭琳 1
15980 13803760206 苏亚伟 1
15982 13598907333 豆春玲 1
15984 18837096666 黄青州 1
15987 13938971508 张晓东 1
15991 15937797789 朱俊峰 1
15995 13803770158 魏花窕 1
15996 15136666222 裴元 1
15997 15003715858 吴继贵 1
16000 18637768101 宋小康 3
16003 13803969278 王健强 3
16010 15090556966 马宁远 3
16011 13503802483 张琳 1
16019 13838916999 彭锦华 1
16020 13703839566 段志勇 3
16033 13733666888 徐景立 1
16039 13629882786 蔡伟伟 3
16042 18903747999 陈艳丽（许昌） 1
16048 15136817777 吴红果 1
16052 17637959999 杨炳超 3
16053 13523286666 李曼 1
16060 13903991561 李娇 1
16063 13017599600 张水凤 3
16064 13603749077 祁伟 3
16068 13598115933 乔卫华 1
16069 13838656026 朱家芳 1
16072 13283009298 马海珍 3
16073 13346841234 刘云 1
16074 13937485007 郭华 1
16076 13937499316 田艳峰 1
16082 13569969399 张怀让 1
16088 18603765218 冯学军 3
16089 13803717713 赵天琦 1
16101 15938208333 曾涛 1
16102 13838393806 李金豹 3
16103 13503766620 李予 1
16104 13703960384 裴云生 1
16117 13903997711 靳宝欣 3
16118 13633749999 韩根胜 1
16135 13803779905 程宛玲 1
16136 15617775999 武美奇子 1
16139 15139701116 常江 1
16141 13608681135 周长国 1
16142 13803718809 周雪 1
16143 13803714076 周成军 1
16144 13888539266 钟雪英 1
16145 18937633869 赵志华 1
16146 15516197978 张燕飞 1
16150 13608680729 姜丽艳 1
16153 13903717999 张中驰 1
16154 13838040872 张立 1
16155 15836788888 张靖林 1
16156 13838143922 杨嫣涛 1
16158 13526668166 吕豫 1
16160 18639001029 梁栋莹 1
16164 18638738686 丁建魁 3
16167 18237111777 常大鹏 3
16168 18637118600 孟金霞 1
16171 13937108438 郭广霞 3
16172 13903711991 卢涛 1
16173 15617861576 王文杰 1
16177 13803710923 史国平 1
16179 13346936666 段海涛 1
16182 18695830466 周燕红 1
16186 13838502966 季春艳 3
16187 13027781116 陈芳 3
16188 18638265766 梁春艳 1
16189 13703865886 马春红 1
16190 13513808868 贾迪 1
16191 18738195136 王文利 3
16192 13937197978 王小娅 3
16196 13837195099 吴军峰 1
16203 18039213777 李华 1
16204 18937416189 程春霞 1
16205 13673669999 马守攀 1
16211 13903847899 张庆伟 1
16215 18930799888 李冰阳 3
16217 18638120707 曹云 1
16218 15038310993 黄维 1
16220 15803713696 李冀 1
16221 13803717168 罗春香 1
16224 18236935589 李良秀 1
16228 13803835955 杨漪 1
16230 15903600006 李华斌 1
16234 13782758389 武永红 1
16236 18439838888 曾明华 1
16241 15036111113 席雪 1
16242 15238348888 李美亿 1
16243 15378779997 苗娜 3
16245 13603862961 王超海 1
16246 18638212345 王舜业 1
16247 15036173882 程新萍 1
16254 15838052019 李宗峰 1
16255 13598869790 彭清 1
16257 13837879999 郭大宏 1
16258 18337809999 梁红 1
16264 13903831699 刘大勇 1
16265 13598032266 李平 1
16266 13503869084 张杰 1
16270 15517583388 许静 1
16277 13103719555 王国强 1
16281 13072609999 韩亚辉 3
16283 13608688377 刘屹冰 1
16284 13603719998 张霞 1
16286 18837380777 赵静 1
16290 13703951647 李辛 1
16291 13903719215 周斌 1
16292 15037599999 唐闻 1
16294 13937379797 李璟 1
16295 13603701170 胡爱华 1
16298 15003708341 李建 3
16309 13938295818 郜其凯 1
16310 13603705885 霍亚平 3
16311 13503457223 周华如 3
16318 18638588982 丁宝印 1
16323 15236853333 韩霞 1
16324 13700878318 张振强 1
16328 15303929999 王建平 1
16330 15837181238 王瑞利 1
16331 13700739855 何非 1
16333 17703920999 牛钊 3
16334 13503821566 马建红 1
16336 18783696866 杨小霞 3
16340 13603866916 杨雪艳 3
16365 13071070888 孙雪珂 1
16366 13575509521 李伟洋 3
16367 13703906962 曹建伟 1
16368 13938533479 杨高峰 3
16370 15981818898 曹现瑞 1
16371 15937100368 孙培红 1
16372 13938555668 曹有 1
16373 13937111958 樊锋洲 1
16374 13903715376 沈群忠 1
16380 18620291611 王伟 1
16394 13598860366 张红 3
16396 13733848066 管永甫 1
16400 15936355666 尹慧华 1
16401 15890138677 王大鹏 1
16402 15903739696 常瀚文 3
16404 13849540289 侯建民 3
16406 13503813016 姚孟海 3
16409 18103855555 王石磊 1
16410 15083111111 都新虎 1
16413 18037188186 张洁 1
16417 18637388999 李明桦 1
16419 13333850111 王继华 1
16421 13837088882 豆子慧 1
16424 18639919729 张恒 1
16435 18237009999 梁行忠 1
16437 13781687666 王洪娟 1
16442 13523708888 冯峰 1
16448 18737330000 冷全伟 1
16452 13803910880 段建庄 1
16456 13903950299 侯朝阳 1
16457 13393882226 祝建 3
16458 18603956767 史丽华 1
16459 13639623353 芦丽丽 2
16461 13839562208 刘明彩 3
16463 13137639840 李齐文 1
16464 13598377777 高红军 1
16471 13693912267 杜亚军 1
16479 15939137000 刘铁锋 1
16481 13523008891 黄生 1
16483 18803958508 杜东进 1
16484 13849481666 盛国耀 1
16491 13903969666 赵军华 1
16495 13523705166 朱自立 1
16499 15333950019 李庆伟 1
16501 13903899928 杨立新 1
16509 13598898998 刘堉 1
16510 18937496888 房黎 1
16511 13346880000 杨创造 3
16518 13721373339 王新 1
16519 15937120991 陈琛 1
16521 13939555559 刘香敏 1
16522 18638511777 刘扬 1
16524 13903719222 陈瑛 1
16526 13938036558 吴新培 1
16528 13837196969 陈建业 1
16532 15981887000 肖钢 1
16536 18839502222 安璐 1
16548 13938660688 朱超林 1
16549 13937305366 汤荣菊 1
16552 13903713959 刘景畅 1
16554 15939573333 王忠义 1
16555 13503717072 胡顺凤 1
16562 18237522111 屈开拓 3
16563 13839526098 苏艳 1
16565 13803953198 韦方芳 1
16569 13507678230 闫喜波 1
16579 18839012881 高素清 1
16582 13703807588 孙宗占 1
16588 13353892866 杜鹃 1
16597 15637977777 赵新科 1
16598 18611989054 肖静雅 1
16599 18339266831 王淳 1
16601 18638121010 贠宽 1
16602 17839938888 冯胜越 1
16603 13703956668 李莲花 1
16604 13703719996 蒋凤英 1
16605 13603733136 郭克礼 1
16606 13603710086 彭东丽 1
16608 13939066888 朱静华 1
16610 13903719183 李庆增 1
16611 18703999899 叶竹青 1
16612 18237133333 杨磊 1
16613 13938228088 石海臣 1
16614 18503711217 王紫煜 1
16616 18768871818 王丽娜 1
16617 18638555507 王紫靖 1
16620 13783688899 王玲 1
16621 13938070401 孙鹏程 1
16622 15837520000 寇小松 1
16624 13623718959 吕文达 1
16625 18339961001 袁炀 1
16626 13937107588 李红梅 1
16627 13488770599 李滔 1
16628 15836148888 张均 1
16629 13193941913 王瑞娜 3
16631 18603852575 聂翠 1
16634 13523757777 范云龙 1
16635 13839610188 王清甫 1
16638 13598110065 宋宪容 1
16639 18639211369 徐杰 3
16640 18337101717 白恒 3
16641 15803880533 宋雪 3
16642 13526673847 王楠 1
16643 13598813332 娄众英 1
16647 13937167903 杜晓华 1
16648 13903921828 冯磊 3
16649 13526611621 孙鸣鸣 1
16652 18623927877 陈俊锋 3
16653 15996261758 陆小翠 1
16656 18638671899 宋美洁 1
16659 13703723886 常涛 3
16660 15896860666 苏长青 1
16661 13903920550 宫建军 1
16662 18639965666 曹绍磊 1
16663 18639968588 李森 1
16665 13937255968 王宗慧 1
16668 15670008888 张怀飞 3
16669 13903720532 徐志强 1
16670 13903726689 任立虎 1
16673 13603720861 胡延峰 1
16678 13569727077 周剑 1
16682 13513763588 刘鹏程 1
16683 13839619906 王江涛 1
16685 15138833488 周芳 3
16687 13507668198 高静 1
16688 18603961222 花锟 1
16693 13703968708 桑晔 3
16694 13939633336 焦强 3
16698 13939399888 丁军 3
16700 13939368313 崔国民 3
16701 16639372270 梁爱菊 3
16704 15518576305 原雷明 2
16705 18339332287 邓彩秀 3
16707 13839435552 付建军 1
16708 13839378995 吕文 1
16709 15938665678 朱建国 1
16712 15649976666 李刘通 1
16714 18039372823 马秀军 3
16715 13903932539 崔诗杰 3
16717 13938079509 徐俊梅 1
16722 18638659998 宋思圆 1
16723 13803841369 闫颖春 1
16726 13903931035 翟九云 1
16729 13608698989 杜娟 1
16735 18339389958 宋世杰 3
16739 18336166666 李景峰 1
16744 13838639540 李灿强 3
16745 15188365356 田密 1
16746 13838900085 贾作亮 1
16747 13938045166 朱仲文 1
16751 13253339668 喻秀娟 1
16753 13937188638 马步炜 1
16756 18637189111 刘伟伟 1
16758 13938935116 郑彩莲 1
16759 13598022949 涂进瑛 1
16761 13803866467 翟贝贝 1
16763 15515599622 马骏亚 1
16765 13733851878 顾廷敏 1
16773 15237161966 张力 1
16775 13903937672 程洪泽 1
16776 18530931866 杨雅淇 1
16779 18639316777 王安兵 1
16781 13703872259 冯君 1
16782 13938237757 刘志成 1
16784 13700802961 韩世峰 1
16787 13837187877 刘峰 1
16789 15803999928 李会娟 1
16793 13613714628 马根福 1
16797 15617978187 郭万民 1
16800 18637178778 王红 1
16802 13903921799 窦东海 1
16803 13592268916 秦爱华 3
16804 13503939061 张远防 1
16806 13803817728 王秀 1
16808 13838900002 杨建军 1
16812 18625612828 李方华 1
16818 13903719941 骆洪亮 3
16821 13837129763 乔颖丽 1
16824 13939185008 么海青 1
16828 15638888188 马玲 1
16832 15939158383 李鹏举 1
16836 13939336999 刘红泽 1
16843 18511111888 王瑞 1
16845 18736099857 李喜玲 1
16846 15036082020 田会宾 1
16847 18539168117 李文化 3
16851 13838559639 孟祥鹰 1
16852 13526591206 任永华 1
16853 15617796821 张璐璐 1
16858 13781327902 赵利霞 1
16859 13938290162 郑义 1
16863 15893258888 张伟中 3
16868 13803832399 杨稷纾 1
16871 13838080170 李龙飞 1
16872 18539931766 杨钧翔 3
16873 18638212357 曹鹏 1
16874 13903811358 张慧芳 1
16875 13603864673 康永志 1
16877 13193595557 刘改成 3
16881 13783651799 侯世富 1
16883 13903862850 杨炳昕 1
16885 13673626382 杜康 1
16886 13903828232 陈金芳 1
16891 13633999999 晁果 1
16893 13783607111 常坤玉 1
16897 13838097687 安东方 3
16898 13803701991 李想 1
16899 13503869901 岳秀丽 1
16901 13703719977 王文佳 1
16902 18638782695 高珍珠 1
16903 18637189557 王超 1
16911 13683730888 丁海涛 1
16914 15803831299 李志静 1
16917 13703718950 常河林 1
16921 18749269999 王海冰 3
16931 18703999919 张文强 1
16933 13938288681 阴倩 3
16934 13653755776 赵海涛 1
16935 15890090976 成龙 1
16937 13603708963 李振西 1
16942 13303809111 祝建明 1
16944 15617967777 孙少文 1
16947 18613715858 李圆方 1
16949 18037132555 张胜吾 3
16950 15515816666 沈丽 1
16954 18638208888 江义清 1
16957 13939559318 王书兴 1
16960 13781722606 曹振江 1
16965 18503716388 张伟翔 1
16967 13839585011 王金池 1
16968 13837505888 贠东安 1
16970 18603710399 张伟科 1
16971 13598813538 邓大治 1
16972 13603953618 张爱勤 1
16976 18337852266 陶大中 1
16978 13783950616 傅子厚 3
16979 19939500333 孟社娟 3
16984 18736409588 王英 1
16985 13608681389 刘俊英 1
16986 18538177781 梁清华 1
16987 13903848234 吕宏新 1
16991 18638179626 段霞 1
16992 13598893888 董桂凡 1
16993 13526634448 雷志良 1
16996 18638768978 谭爱娟 1
16997 13613820369 于鹏 3
16998 18530902222 赵根富 3
16999 18695878777 周展 3
17003 13837178243 陆莉莉 1
17004 13603985999 杜宁 1
17005 18637110089 杨波 1
17007 18037376181 殷玉博 1
17008 13903866383 任伟民 1
17009 13592580950 王书奎 1
17012 15637168555 于建民 1
17014 15093110999 杨立超 1
17015 13676976669 王翔鹏 1
17019 18611186086 李勇 1
17021 13939009595 黄雪萌 1
17022 18638933666 胡亚丽 1
17025 13526415178 崔龙江 1
17028 15994186620 陈风光 1
17033 13598879483 吴小芹 1
17034 13803811998 胡惠华 1
17036 13513898311 王艳萍 1
17038 15515805151 王亚娟 1
17040 18638573555 杨玉坤 1
17042 18939518999 崔俊芳 1
17043 15834025985 杨超军 1
17045 18937182895 郑义 1
17046 13526666888 王春潮 1
17047 15890689510 柴静 3
17049 18625515664 倪天悦 1
17051 15093289899 王春博 1
17052 15981805893 王晶 1
17053 13803896846 赵宏丽 1
17054 18749835555 刘培海 1
17055 13903836839 王洪涛 1
17056 13598043600 刘超奇 1
17059 13903818088 崔绍军 1
17060 18939579666 李学敏 1
17061 13803712708 孙军令 1
17062 13781436666 黄玲玲 1
17064 13603718988 王立辉 1
17066 13103825555 袁梦 3
17067 18339200976 段立明 3
17068 13803838866 柳娥 1
17069 17737799990 李晓 1
17070 18837109555 史巍巍 1
17072 13783593819 张占营 1
17073 13838512227 张占立 1
17075 18515511666 李哲 3
17078 13507671668 郑志远 1
17080 13346780333 晋翔波 1
17081 15972153999 宋红岩 3
17083 13837079868 崔启刚 3
17084 13838909990 姚静 1
17085 13525582816 何月霞 1
17086 13803862633 陈涛 1
17089 13837188806 陈誉心 1
17093 15517676666 徐静 1
17095 13503717238 张东 1
17096 13903949807 康立胜 1
17097 15037592222 丁水芹 1
17102 13937163387 徐新越 1
17105 15803949666 黄学科 1
17106 13071000000 王晶 1
17113 13513899511 李杨 1
17114 13838916896 解小平 1
17116 15837178509 陈鹏利 1
17125 15637187777 张华 1
17126 13303710550 李冬梅 3
17127 15093236299 苟学燕 1
17128 15890088696 李宇 1
17129 13592269798 王剑 1
17134 18838252999 马莉莉 1
17135 18236916688 张慧敏 3
17137 13938558678 张义 1
17139 18637134666 彭芸 1
17140 13838579535 顾艮红 1
17142 13598793157 汪鑫 1
17143 13838179779 李晓东 1
17144 13838263566 张婧 1
17145 13939058899 陈琛 1
17146 13939060783 徐秀华 1
17148 18739900798 别富东 1
17151 13103864666 葛云龙 1
17152 13939091339 郭翠红 3
17155 13673656666 卢鹏博 1
17156 13598897209 杨林霞 1
17157 18537100806 吕兴建 1
17162 13733873230 张则金 1
17164 15803936588 刘红香 1
17165 18638038295 贾杰 1
17169 18838082091 崔奇 1
17170 13703861871 王捷 1
17172 13503865616 管芮瑛 1
17176 13393771777 铁小燕 3
17178 18134736666 张雅丹 1
17179 13938557508 田学伟 1
17183 18937527799 苏雨翔 3
17184 13937126337 张健 1
17188 13137733767 徐伟杰 1
17190 13007609330 刘红利 3
17196 13803836486 王捍华 3
17197 13663710101 史书山 1
17202 13937998010 张国亮 3
17206 13333899992 李洵 1
17208 18637985585 周冰 1
17210 13608650832 布新军 1
17213 13903882620 杨允红 1
17216 18737951937 郭雪玲 3
17225 13525956000 朱贵斌 1
17234 13526972288 李京军 1
17235 13653892689 陈敏 1
17239 17396380715 付彦彬 3
17241 13592003677 胡红立 1
17252 13721683617 李永健 1
17258 13937900218 马晓东 1
17263 13663792003 王小红 1
17265 15896682288 原红旗 1
17267 15516386395 余风琴 3
17281 18103489163 王君君 3
17283 13803791016 代红岩 1
17290 13937971525 白延 1
17293 13503886269 张蔚 1
17295 13838461333 尚鹏飞 1
17311 15236779698 贾迎迎 3
17313 13903892668 孙继延 3
17317 13603741369 张良奇 1
17318 13700892222 牛俊茂 1
17324 15938355888 李佳城 1
17325 13938179125 柴树云 1
17326 13700735678 马旭东 1
17330 18303636999 柴继华 3
17331 13838921139 刘全英 1
17333 18595885798 南海涛 3
17335 13939476839 田钰 3
17340 15939519516 冯海茹 1
17343 13507659758 陈艳丽（漯河） 1
17345 13938011258 贾进华 1
17347 13243137220 刘昕 3
17348 13939533618 张春花 1
17352 13569675678 庄丽敏 1
17354 13903743116 刘宗照 1
17357 13503870581 张同文 1
17358 15333956666 陈广 1
17359 15188237111 沈小华 1
17361 13343671111 李朋功 1
17364 15837766688 刘现印 3
17367 13903778623 田玉伦 1
17369 18637077777 窦凯 1
17372 13903779611 单东霞 1
17380 16603011799 夏祖建 2
17382 13598977206 翟玉龙 1
17385 16638731888 刘金 3
17386 13903948666 李玉平 1
17387 13503908896 袁爱民 1
17388 18603772811 孙雨 3
17391 13370177369 窦蕴捷 1
17392 18203772229 宋艳 3
17394 13663778899 霍四方 1
17395 15638967766 董桓 1
17399 13703458983 刘丽娟 1
17403 13803878332 董荣华 1
17405 13937721111 刘铁栓 1
17406 15978622722 鲁程瑶 1
17407 15981868110 何佳颖 1
17410 13639675679 李良 1
17414 18595885799 昌鸿雁 3
17416 15603961351 董媛媛 1
17417 13613838555 黄金子 3
17418 18937127286 秦红普 1
17420 18738159065 朱琳 1
17421 15617068880 张康 3
17423 16692025551 杜玉 3
17427 13700889589 宋鹏 1
17430 18639336650 韩东丽 3
